1 0.19505208333333332 0.2513888888888889 0.07135416666666666 0.22777777777777777
1 0.60390625 0.7465277777777778 0.07135416666666666 0.2569444444444445
1 0.46640624999999997 0.7069444444444445 0.0703125 0.23611111111111113
1 0.8848958333333333 0.23819444444444446 0.058333333333333334 0.16805555555555557
1 0.33359375 0.2652777777777778 0.07135416666666666 0.20833333333333334
1 0.6106770833333334 0.2451388888888889 0.057812499999999996 0.17083333333333334
1 0.3265625 0.7381944444444445 0.06770833333333333 0.21805555555555556
1 0.8825520833333333 0.7270833333333334 0.057812499999999996 0.18472222222222223
1 0.7393229166666666 0.2534722222222222 0.058854166666666666 0.16527777777777777
1 0.46875 0.2611111111111111 0.06145833333333333 0.2
1 0.7385416666666667 0.75 0.0625 0.17777777777777778
1 0.19010416666666666 0.7312500000000001 0.06458333333333333 0.20694444444444446
