1 0.7401041666666667 0.24791666666666667 0.07604166666666666 0.28194444444444444
1 0.33151041666666664 0.7104166666666667 0.07864583333333333 0.25416666666666665
1 0.88046875 0.7381944444444445 0.0640625 0.2152777777777778
1 0.6091145833333333 0.7236111111111111 0.06614583333333333 0.23055555555555557
1 0.8856770833333333 0.2520833333333333 0.0703125 0.19583333333333333
1 0.47161458333333334 0.24791666666666667 0.0703125 0.21805555555555556
1 0.4778645833333333 0.7340277777777778 0.07135416666666666 0.22361111111111112
1 0.74453125 0.7347222222222223 0.06822916666666666 0.22222222222222224
1 0.3372395833333333 0.23819444444444446 0.06197916666666667 0.24861111111111112
1 0.1984375 0.70625 0.078125 0.23194444444444445
1 0.19348958333333333 0.225 0.07239583333333333 0.24722222222222223
1 0.61328125 0.2548611111111111 0.0640625 0.22916666666666669
