1 0.79375 0.7263888888888889 0.07604166666666666 0.23611111111111113
1 0.5231770833333333 0.24791666666666667 0.0609375 0.12638888888888888
1 0.52734375 0.7381944444444445 0.06614583333333333 0.11805555555555557
1 0.38567708333333334 0.2548611111111111 0.06197916666666667 0.10972222222222222
1 0.24739583333333334 0.2548611111111111 0.05625 0.09027777777777778
1 0.79453125 0.27222222222222225 0.07552083333333333 0.2138888888888889
1 0.6645833333333333 0.29375 0.06145833333333333 0.17916666666666667
1 0.6552083333333333 0.7381944444444445 0.07291666666666667 0.20694444444444446
1 0.2544270833333333 0.7312500000000001 0.05572916666666666 0.08750000000000001
1 0.12083333333333333 0.7201388888888889 0.036458333333333336 0.07083333333333333
1 0.3723958333333333 0.7395833333333334 0.0375 0.0763888888888889
