1 0.7565104166666666 0.7083333333333334 0.0671875 0.21944444444444444
1 0.8973958333333333 0.6972222222222223 0.0625 0.1527777777777778
1 0.4848958333333333 0.7145833333333333 0.07395833333333333 0.22083333333333335
1 0.6268229166666667 0.7055555555555556 0.0671875 0.2138888888888889
1 0.35182291666666665 0.7347222222222223 0.0703125 0.2138888888888889
1 0.6239583333333333 0.23750000000000002 0.07395833333333333 0.2138888888888889
1 0.48593749999999997 0.2423611111111111 0.06875 0.1736111111111111
1 0.7442708333333333 0.24722222222222223 0.036458333333333336 0.1
1 0.8947916666666667 0.2548611111111111 0.06770833333333333 0.21805555555555556
1 0.21640625 0.7305555555555556 0.07552083333333333 0.21944444444444444
1 0.19375 0.2520833333333333 0.040625 0.10416666666666667
1 0.34739583333333335 0.23541666666666666 0.06145833333333333 0.15694444444444444
