1 0.3921875 0.7236111111111111 0.026041666666666668 0.08888888888888889
1 0.5109375 0.7312500000000001 0.06041666666666667 0.17916666666666667
1 0.6489583333333333 0.2513888888888889 0.06145833333333333 0.16111111111111112
1 0.3768229166666667 0.27847222222222223 0.0546875 0.1375
1 0.5026041666666666 0.26944444444444443 0.058333333333333334 0.16666666666666669
1 0.7885416666666667 0.7486111111111111 0.057291666666666664 0.19722222222222224
1 0.6481770833333333 0.7180555555555556 0.05364583333333333 0.14444444444444446
1 0.25338541666666664 0.2590277777777778 0.028645833333333332 0.08472222222222223
1 0.24140625 0.7430555555555556 0.06302083333333333 0.125
1 0.11770833333333333 0.2763888888888889 0.034375 0.10555555555555556
1 0.7872395833333333 0.25 0.06510416666666667 0.11388888888888889
1 0.10963541666666667 0.7486111111111111 0.050520833333333334 0.08888888888888889
