1 0.27369791666666665 0.7569444444444444 0.03177083333333333 0.07777777777777778
1 0.6869791666666667 0.28611111111111115 0.03125 0.06666666666666667
1 0.54765625 0.74375 0.033854166666666664 0.07916666666666666
1 0.8221354166666667 0.7520833333333333 0.033854166666666664 0.0763888888888889
1 0.41328125 0.27222222222222225 0.025520833333333333 0.058333333333333334
1 0.27317708333333335 0.28055555555555556 0.0328125 0.075
1 0.4140625 0.7479166666666667 0.0375 0.07083333333333333
1 0.13489583333333333 0.7472222222222222 0.03333333333333333 0.07222222222222223
0 0.07838541666666667 0.8444444444444444 0.04114583333333333 0.19444444444444445
0 0.08125 0.6138888888888889 0.01875 0.18055555555555555
1 0.6734375 0.75 0.058333333333333334 0.07222222222222223
1 0.5515625 0.25972222222222224 0.036458333333333336 0.06944444444444445
