1 0.7625 0.7458333333333333 0.058333333333333334 0.20555555555555557
1 0.48723958333333334 0.7395833333333334 0.06197916666666667 0.19583333333333333
1 0.6205729166666667 0.7305555555555556 0.0703125 0.23333333333333334
1 0.75859375 0.2701388888888889 0.0703125 0.22083333333333335
1 0.35052083333333334 0.7243055555555555 0.07083333333333333 0.2152777777777778
1 0.8916666666666666 0.7645833333333334 0.06458333333333333 0.15694444444444444
1 0.21640625 0.23750000000000002 0.0671875 0.2111111111111111
1 0.634375 0.2638888888888889 0.052083333333333336 0.23055555555555557
1 0.490625 0.25277777777777777 0.0625 0.2
1 0.221875 0.7451388888888889 0.06979166666666667 0.20694444444444446
1 0.3458333333333333 0.2611111111111111 0.057291666666666664 0.14166666666666666
1 0.91015625 0.2611111111111111 0.049479166666666664 0.19166666666666668
