1 0.67265625 0.7416666666666667 0.027604166666666666 0.06944444444444445
1 0.27057291666666666 0.27569444444444446 0.043229166666666666 0.07916666666666666
1 0.659375 0.2638888888888889 0.0375 0.07222222222222223
1 0.13098958333333333 0.7430555555555556 0.043229166666666666 0.08888888888888889
1 0.8169270833333333 0.2701388888888889 0.03697916666666667 0.08194444444444444
1 0.40625 0.2715277777777778 0.034375 0.08472222222222223
1 0.5270833333333333 0.732638888888889 0.05416666666666667 0.08194444444444444
1 0.4044270833333333 0.7381944444444445 0.04010416666666666 0.06527777777777778
1 0.26796875 0.7284722222222223 0.0234375 0.08194444444444444
1 0.13359375 0.2576388888888889 0.03177083333333333 0.06805555555555556
1 0.5270833333333333 0.2729166666666667 0.04583333333333333 0.09583333333333334
1 0.8114583333333333 0.7402777777777778 0.028125 0.06944444444444445
0 0.8869791666666667 0.5125000000000001 0.042708333333333334 -0.1277777777777778
0 0.08671875 0.5708333333333333 -0.0171875 0.20833333333333334
0 0.0890625 0.8694444444444445 0.01875 0.16111111111111112
