1 0.6192708333333333 0.2611111111111111 0.06770833333333333 0.16111111111111112
1 0.8763020833333334 0.2729166666666667 0.050520833333333334 0.08750000000000001
1 0.4791666666666667 0.7430555555555556 0.06666666666666667 0.11388888888888889
1 0.3450520833333333 0.2590277777777778 0.06510416666666667 0.1125
1 0.48541666666666666 0.2638888888888889 0.057291666666666664 0.10555555555555556
1 0.8833333333333333 0.74375 0.040625 0.09583333333333334
1 0.6135416666666667 0.7506944444444444 0.05625 0.08194444444444444
1 0.19765625 0.25972222222222224 0.03697916666666667 0.1
1 0.19635416666666666 0.7451388888888889 0.03958333333333333 0.09861111111111112
1 0.75703125 0.7569444444444444 0.0546875 0.08888888888888889
1 0.33307291666666666 0.7402777777777778 0.0390625 0.08888888888888889
1 0.7609375 0.27083333333333337 0.04791666666666666 0.10277777777777779
