1 0.7458333333333333 0.7340277777777778 0.053125 0.12916666666666668
1 0.33203125 0.2673611111111111 0.07135416666666666 0.19305555555555556
1 0.8763020833333334 0.7305555555555556 0.05677083333333333 0.24444444444444446
1 0.7510416666666666 0.2659722222222222 0.057291666666666664 0.20416666666666666
1 0.6075520833333333 0.7312500000000001 0.05572916666666666 0.23472222222222222
1 0.47421874999999997 0.7402777777777778 0.058854166666666666 0.18333333333333335
1 0.19661458333333334 0.2555555555555556 0.06927083333333334 0.24722222222222223
1 0.6109375 0.2625 0.06770833333333333 0.20555555555555557
1 0.8825520833333333 0.2659722222222222 0.0609375 0.1902777777777778
1 0.46822916666666664 0.22222222222222224 0.057291666666666664 0.17777777777777778
1 0.1984375 0.7256944444444444 0.071875 0.22361111111111112
1 0.3372395833333333 0.7319444444444445 0.0671875 0.20555555555555557
