1 0.6080729166666666 0.26180555555555557 0.0453125 0.10138888888888889
1 0.4848958333333333 0.25972222222222224 0.06041666666666667 0.15555555555555556
1 0.21692708333333333 0.2604166666666667 0.059895833333333336 0.22361111111111112
1 0.35 0.7284722222222223 0.06458333333333333 0.14583333333333334
1 0.8911458333333333 0.7305555555555556 0.06354166666666666 0.17777777777777778
1 0.35442708333333334 0.2604166666666667 0.05572916666666666 0.12083333333333333
1 0.6104166666666666 0.7430555555555556 0.04375 0.09722222222222222
1 0.21223958333333334 0.7423611111111111 0.05677083333333333 0.12916666666666668
1 0.7440104166666667 0.26180555555555557 0.03802083333333333 0.09861111111111112
1 0.76171875 0.7319444444444445 0.0609375 0.12222222222222223
1 0.4796875 0.7569444444444444 0.057291666666666664 0.11111111111111112
