1 0.37890625 0.7131944444444445 0.06510416666666667 0.20694444444444446
1 0.24140625 0.7513888888888889 0.06614583333333333 0.14166666666666666
1 0.51484375 0.2604166666666667 0.06822916666666666 0.2152777777777778
1 0.65078125 0.28055555555555556 0.06510416666666667 0.15555555555555556
1 0.5096354166666667 0.7368055555555556 0.0546875 0.10972222222222222
1 0.659375 0.7583333333333334 0.06041666666666667 0.12222222222222223
1 0.7822916666666666 0.26319444444444445 0.053125 0.1736111111111111
1 0.3776041666666667 0.2833333333333333 0.058333333333333334 0.12222222222222223
1 0.10651041666666666 0.2423611111111111 0.058854166666666666 0.09305555555555556
1 0.24479166666666666 0.26319444444444445 0.06145833333333333 0.1125
1 0.7841145833333333 0.7451388888888889 0.057812499999999996 0.15694444444444444
1 0.11692708333333333 0.7347222222222223 0.03697916666666667 0.08055555555555556
