1 0.8078124999999999 0.28958333333333336 0.06666666666666667 0.22083333333333335
1 0.546875 0.7409722222222223 0.04479166666666667 0.10138888888888889
1 0.26979166666666665 0.28055555555555556 0.06041666666666667 0.18055555555555555
1 0.67265625 0.7506944444444444 0.050520833333333334 0.13472222222222222
1 0.5338541666666666 0.26458333333333334 0.06770833333333333 0.14305555555555557
1 0.6848958333333334 0.28750000000000003 0.058333333333333334 0.12222222222222223
1 0.8080729166666667 0.7604166666666667 0.0734375 0.12916666666666668
1 0.4119791666666667 0.2611111111111111 0.0375 0.10277777777777779
1 0.13828125 0.27222222222222225 0.04635416666666667 0.1
1 0.13697916666666665 0.7243055555555555 0.04791666666666666 0.09861111111111112
0 0.07239583333333333 0.8354166666666667 0.0625 0.17916666666666667
1 0.2739583333333333 0.7479166666666667 0.046875 0.10694444444444445
0 0.084375 0.26875 0.035416666666666666 0.10972222222222222
1 0.37890625 0.7076388888888889 0.027604166666666666 0.09305555555555556
