1 0.52890625 0.28194444444444444 0.07760416666666667 0.21666666666666667
1 0.3953125 0.7472222222222222 0.06979166666666667 0.2
1 0.25703125 0.7527777777777778 0.06302083333333333 0.17222222222222222
1 0.66875 0.26875 0.06666666666666667 0.22361111111111112
1 0.26067708333333334 0.27569444444444446 0.0671875 0.2263888888888889
1 0.8015625 0.7625000000000001 0.07395833333333333 0.24722222222222223
1 0.6614583333333334 0.7520833333333333 0.059375 0.22916666666666669
1 0.3919270833333333 0.27083333333333337 0.06614583333333333 0.16944444444444445
1 0.8033854166666666 0.2729166666666667 0.07135416666666666 0.24305555555555555
1 0.53359375 0.732638888888889 0.0640625 0.19861111111111113
1 0.12213541666666666 0.7395833333333334 0.06927083333333334 0.1875
1 0.11588541666666667 0.29583333333333334 0.058854166666666666 0.18333333333333335
