1 0.5317708333333333 0.7430555555555556 0.065625 0.13333333333333333
1 0.27447916666666666 0.74375 0.0375 0.09861111111111112
1 0.8088541666666667 0.7298611111111112 0.06041666666666667 0.22361111111111112
1 0.53359375 0.2673611111111111 0.06614583333333333 0.14027777777777778
1 0.39947916666666666 0.26805555555555555 0.06666666666666667 0.14722222222222223
1 0.12083333333333333 0.7409722222222223 0.06770833333333333 0.13194444444444445
1 0.6713541666666667 0.28402777777777777 0.065625 0.19583333333333333
1 0.6697916666666667 0.7541666666666667 0.07395833333333333 0.1277777777777778
1 0.41328125 0.7284722222222223 0.0296875 0.08194444444444444
1 0.8083333333333333 0.29305555555555557 0.065625 0.225
1 0.26276041666666666 0.2902777777777778 0.057812499999999996 0.16944444444444445
1 0.13020833333333334 0.26875 0.04375 0.12361111111111112
0 0.053385416666666664 0.8493055555555555 -0.0390625 -0.09583333333333334
