1 0.6361979166666667 0.7506944444444444 0.025520833333333333 0.08750000000000001
1 0.7552083333333334 0.7145833333333333 0.0625 0.10694444444444445
1 0.490625 0.7423611111111111 0.06666666666666667 0.23750000000000002
1 0.48932291666666666 0.26944444444444443 0.057812499999999996 0.18333333333333335
1 0.36822916666666666 0.7125 0.042708333333333334 0.18055555555555555
1 0.21041666666666667 0.7375 0.07604166666666666 0.2555555555555556
1 0.8919270833333334 0.2590277777777778 0.06302083333333333 0.15694444444444444
1 0.6223958333333334 0.26319444444444445 0.06770833333333333 0.17916666666666667
1 0.34791666666666665 0.25277777777777777 0.065625 0.1527777777777778
1 0.7481770833333333 0.25625000000000003 0.0484375 0.10416666666666667
1 0.19947916666666665 0.26319444444444445 0.042708333333333334 0.12083333333333333
1 0.8955729166666666 0.7604166666666667 0.04739583333333333 0.14583333333333334
0 0.05651041666666667 0.17916666666666667 -0.04739583333333333 -0.06666666666666667
