1 0.4505208333333333 0.2552011095700416 0.0375 0.0970873786407767
1 0.6020833333333333 0.2302357836338419 0.06770833333333333 0.10263522884882108
1 0.7419270833333333 0.25173370319001387 0.06927083333333334 0.12066574202496533
1 0.7385416666666667 0.7246879334257975 0.06145833333333333 0.11234396671289876
1 0.5981770833333333 0.7350901525658807 0.0609375 0.11373092926490985
1 0.46015625 0.7281553398058253 0.058854166666666666 0.10540915395284328
1 0.325 0.7267683772538142 0.06875 0.11650485436893204
1 0.19322916666666667 0.25866851595006934 0.06666666666666667 0.17337031900138697
1 0.3296875 0.24687933425797504 0.058333333333333334 0.09431345353675451
1 0.8588541666666667 0.7302357836338419 0.03854166666666667 0.11511789181692095
1 0.20390624999999998 0.7343966712898752 -0.049479166666666664 -0.09847434119278779
1 0.8640625 0.239251040221914 0.035416666666666666 0.10679611650485438
