1 0.13984375 0.6847222222222222 0.07552083333333333 -0.2138888888888889
1 0.41562499999999997 0.7222222222222222 0.07916666666666666 -0.2916666666666667
1 0.6794270833333333 0.7145833333333333 -0.06197916666666667 -0.28194444444444444
1 0.5424479166666667 0.74375 -0.0609375 -0.09861111111111112
1 0.5440104166666666 0.1951388888888889 -0.0484375 -0.16805555555555557
1 0.6838541666666667 0.2520833333333333 -0.07083333333333333 -0.15694444444444444
1 0.8200520833333333 0.26458333333333334 -0.06302083333333333 -0.25416666666666665
1 0.12473958333333333 0.22777777777777777 0.0484375 -0.19444444444444445
1 0.40338541666666666 0.2548611111111111 -0.05260416666666667 -0.23194444444444445
1 0.8200520833333333 0.6916666666666667 0.05260416666666667 0.07777777777777778
