0 0.2046875 0.11041666666666668 0.046875 -0.12083333333333333
0 0.32317708333333334 0.08819444444444445 0.04635416666666667 -0.07916666666666666
0 0.44921875 0.08958333333333333 0.025520833333333333 -0.07361111111111111
1 0.13411458333333334 0.23680555555555557 -0.06510416666666667 -0.2569444444444445
1 0.2700520833333333 0.23819444444444446 -0.0671875 -0.25416666666666665
1 0.4075520833333333 0.24166666666666667 -0.0703125 -0.24722222222222223
1 0.5427083333333333 0.24166666666666667 -0.07291666666666667 -0.24722222222222223
1 0.6841145833333333 0.24722222222222223 -0.07135416666666666 -0.2555555555555556
1 0.8169270833333333 0.24166666666666667 -0.0734375 -0.24444444444444446
1 0.8117187499999999 0.7506944444444444 -0.059895833333333336 -0.23194444444444445
1 0.6747395833333333 0.75 -0.0546875 -0.2555555555555556
1 0.5330729166666667 0.7527777777777778 -0.0515625 -0.22222222222222224
1 0.4002604166666667 0.7479166666666667 -0.0546875 -0.24027777777777778
1 0.26458333333333334 0.74375 -0.05625 -0.25416666666666665
1 0.12890625 0.7381944444444445 -0.057812499999999996 -0.23194444444444445
