0 0.9013020833333333 0.15694444444444444 -0.027604166666666666 -0.22222222222222224
1 0.71640625 0.7305555555555556 -0.03697916666666667 -0.09444444444444444
1 0.4536458333333333 0.7402777777777778 -0.05625 -0.08055555555555556
1 0.30416666666666664 0.7236111111111111 -0.04479166666666667 -0.10277777777777779
1 0.18385416666666665 0.7145833333333333 -0.06458333333333333 -0.11527777777777778
1 0.16848958333333333 0.25625000000000003 -0.04114583333333333 -0.10972222222222222
1 0.31354166666666666 0.25625000000000003 -0.0375 -0.09583333333333334
1 0.44244791666666666 0.26319444444444445 -0.03802083333333333 -0.10416666666666667
1 0.5760416666666667 0.25833333333333336 -0.030208333333333334 -0.08888888888888889
1 0.85234375 0.2534722222222222 -0.04635416666666667 -0.09861111111111112
1 0.7171875 0.2659722222222222 -0.03125 -0.09305555555555556
1 0.5755208333333334 0.7319444444444445 -0.030208333333333334 -0.08611111111111111
0 0.78203125 0.84375 -0.049479166666666664 0.1125
0 0.728125 0.8972222222222223 -0.03958333333333333 0.11388888888888889
2 0.46901041666666665 0.4638888888888889 0.05260416666666667 0.05277777777777778
0 0.8057291666666666 0.47500000000000003 -0.058333333333333334 0.17222222222222222
