0 0.4109375 0.10138888888888889 0.042708333333333334 -0.10833333333333334
1 0.10755208333333333 0.7368055555555556 -0.06510416666666667 -0.24861111111111112
1 0.24114583333333334 0.7409722222222223 -0.058333333333333334 -0.2625
1 0.37890625 0.7451388888888889 -0.0671875 -0.2513888888888889
1 0.5122395833333333 0.7506944444444444 -0.059895833333333336 -0.24305555555555555
1 0.65 0.76875 -0.06875 -0.20972222222222223
1 0.78125 0.7902777777777779 -0.0625 -0.2
1 0.79375 0.2548611111111111 -0.07708333333333334 -0.27083333333333337
1 0.6526041666666667 0.2555555555555556 -0.075 -0.25833333333333336
1 0.5158854166666667 0.2423611111111111 -0.0671875 -0.2513888888888889
1 0.3841145833333333 0.25 -0.0703125 -0.26666666666666666
0 0.6708333333333333 0.6472222222222223 -0.503125 -0.04722222222222222
