1 0.21171874999999998 0.28750000000000003 -0.0609375 -0.19444444444444445
1 0.3403645833333333 0.2833333333333333 -0.0640625 -0.19166666666666668
1 0.4747395833333333 0.27569444444444446 -0.0703125 -0.17916666666666667
1 0.5927083333333333 0.2833333333333333 -0.0375 -0.09166666666666667
1 0.7338541666666667 0.29305555555555557 -0.040625 -0.10555555555555556
1 0.6083333333333333 0.7652777777777778 -0.05416666666666667 -0.21666666666666667
1 0.3421875 0.7597222222222223 -0.0625 -0.19166666666666668
1 0.20390624999999998 0.757638888888889 -0.059895833333333336 -0.1763888888888889
1 0.8661458333333333 0.7722222222222223 -0.034375 -0.10555555555555556
1 0.7276041666666666 0.7652777777777778 -0.03333333333333333 -0.09166666666666667
0 0.1109375 0.6118055555555556 0.03854166666666667 0.09305555555555556
1 0.4747395833333333 0.7708333333333334 -0.0703125 -0.13333333333333333
1 0.8684895833333334 0.30069444444444443 -0.04114583333333333 -0.08472222222222223
