1 0.26796875 0.2972222222222222 -0.0671875 -0.18888888888888888
1 0.5333333333333333 0.25972222222222224 -0.05520833333333333 -0.1388888888888889
1 0.39557291666666666 0.75 -0.050520833333333334 -0.11111111111111112
1 0.27291666666666664 0.74375 -0.030208333333333334 -0.07083333333333333
1 0.8125 0.3013888888888889 -0.06666666666666667 -0.20277777777777778
1 0.6846354166666666 0.26666666666666666 -0.03177083333333333 -0.07777777777777778
1 0.8091145833333333 0.78125 -0.058854166666666666 -0.21805555555555556
1 0.55 0.7555555555555555 -0.03333333333333333 -0.07777777777777778
1 0.39609375 0.31180555555555556 -0.06197916666666667 -0.12638888888888888
1 0.12473958333333333 0.26805555555555555 -0.057812499999999996 -0.12222222222222223
0 0.0671875 0.8555555555555556 -0.04479166666666667 -0.15
0 0.07942708333333333 0.225 -0.025520833333333333 -0.36388888888888893
1 0.13567708333333334 0.7388888888888889 -0.0328125 -0.07222222222222223
1 0.68671875 0.7347222222222223 -0.0359375 -0.08055555555555556
