1 0.13776041666666666 0.7506944444444444 -0.04739583333333333 -0.10416666666666667
1 0.26666666666666666 0.2715277777777778 -0.05416666666666667 -0.10416666666666667
1 0.12708333333333333 0.2777777777777778 -0.04791666666666666 -0.09444444444444444
1 0.40234375 0.7451388888888889 -0.0640625 -0.1125
1 0.5333333333333333 0.7506944444444444 -0.05416666666666667 -0.10416666666666667
1 0.6721354166666667 0.7590277777777779 -0.0640625 -0.14583333333333334
1 0.8104166666666667 0.28402777777777777 -0.07708333333333334 -0.15416666666666667
1 0.8052083333333333 0.75 -0.06458333333333333 -0.1388888888888889
1 0.6697916666666667 0.28055555555555556 -0.05520833333333333 -0.10833333333333334
1 0.5385416666666667 0.2777777777777778 -0.06979166666666667 -0.14444444444444446
1 0.2721354166666667 0.7513888888888889 -0.0328125 -0.08888888888888889
1 0.41041666666666665 0.26458333333333334 -0.03854166666666667 -0.06805555555555556
0 0.08151041666666667 0.3993055555555556 0.019270833333333334 0.37083333333333335
