0 0.08723958333333333 0.3541666666666667 0.0234375 0.6
0 0.0671875 0.8152777777777778 0.03125 0.2
1 0.13645833333333332 0.28055555555555556 -0.05 0.1277777777777778
1 0.28151041666666665 0.2701388888888889 0.034895833333333334 0.06805555555555556
1 0.4145833333333333 0.27361111111111114 0.03229166666666666 0.08333333333333334
1 0.5510416666666667 0.27222222222222225 0.029166666666666667 0.07777777777777778
1 0.678125 0.2638888888888889 0.06458333333333333 0.12222222222222223
1 0.8138020833333334 0.2611111111111111 0.059895833333333336 0.10277777777777779
1 0.8135416666666666 0.7506944444444444 0.0625 0.13472222222222222
1 0.68828125 0.7430555555555556 0.03697916666666667 0.08333333333333334
1 0.546875 0.7840277777777778 -0.051041666666666666 0.1513888888888889
1 0.4122395833333333 0.7458333333333333 0.03697916666666667 0.07777777777777778
1 0.13802083333333334 0.7423611111111111 0.036458333333333336 0.07361111111111111
1 0.2825520833333333 0.7527777777777778 0.0203125 0.061111111111111116
