1 0.11380208333333333 0.22986111111111113 0.058854166666666666 0.12361111111111112
1 0.11484375 0.7111111111111111 0.05364583333333333 0.13055555555555556
1 0.26796875 0.24027777777777778 0.03802083333333333 0.09722222222222222
1 0.3911458333333333 0.24930555555555556 0.05520833333333333 0.08750000000000001
1 0.5239583333333333 0.24722222222222223 0.06666666666666667 0.13611111111111113
1 0.6627604166666666 0.2388888888888889 0.0640625 0.10833333333333334
1 0.7997395833333333 0.2534722222222222 0.06197916666666667 0.12083333333333333
1 0.79609375 0.7277777777777779 0.05572916666666666 0.10555555555555556
1 0.6625 0.7041666666666667 0.05416666666666667 0.1388888888888889
1 0.38645833333333335 0.7201388888888889 0.06770833333333333 0.12638888888888888
1 0.2515625 0.7076388888888889 0.06666666666666667 0.10972222222222222
1 0.5203125 0.6923611111111111 0.042708333333333334 0.12916666666666668
