1 0.13515625 0.24375000000000002 0.06197916666666667 0.2263888888888889
1 0.2674479166666667 0.2388888888888889 0.05260416666666667 0.2111111111111111
1 0.4088541666666667 0.24861111111111112 0.06145833333333333 0.20833333333333334
1 0.5403645833333334 0.24583333333333335 0.05572916666666666 0.2
1 0.684375 0.2423611111111111 0.06770833333333333 0.27083333333333337
1 0.8200520833333333 0.2388888888888889 0.06614583333333333 0.26666666666666666
1 0.8174479166666666 0.7472222222222222 0.06197916666666667 0.2888888888888889
1 0.6828125 0.7402777777777778 0.06875 0.26666666666666666
1 0.546875 0.7340277777777778 0.06979166666666667 0.2763888888888889
1 0.40703125 0.7284722222222223 0.0546875 0.24027777777777778
1 0.26796875 0.7277777777777779 0.05260416666666667 0.2
1 0.13359375 0.7361111111111112 0.05572916666666666 0.225
