1 0.8971354166666666 0.7680555555555556 0.03177083333333333 0.07777777777777778
1 0.7578125 0.7645833333333334 0.02395833333333333 0.05694444444444444
1 0.63203125 0.7694444444444445 0.04739583333333333 0.09166666666666667
1 0.4947916666666667 0.78125 0.036458333333333336 0.08750000000000001
1 0.35520833333333335 0.7743055555555556 0.03958333333333333 0.12916666666666668
1 0.22604166666666667 0.7583333333333334 0.05416666666666667 0.09166666666666667
1 0.22421875 0.2555555555555556 0.05364583333333333 0.11666666666666667
1 0.36171875 0.26875 0.049479166666666664 0.10694444444444445
1 0.49322916666666666 0.2729166666666667 0.04583333333333333 0.13472222222222222
1 0.63203125 0.2625 0.0546875 0.10277777777777779
1 0.7651041666666667 0.26875 0.04583333333333333 0.09583333333333334
1 0.8953125 0.2638888888888889 0.035416666666666666 0.09166666666666667
