0 0.0765625 0.25833333333333336 0.021875 0.3888888888888889
0 0.12447916666666667 0.3840277777777778 0.05520833333333333 0.1625
0 0.0828125 0.5986111111111111 0.02395833333333333 0.23055555555555557
0 0.08567708333333333 0.8388888888888889 0.04635416666666667 0.16666666666666669
0 0.24401041666666667 0.41805555555555557 -0.10781249999999999 -0.2111111111111111
0 0.4088541666666667 0.5916666666666667 0.05 0.12222222222222223
1 0.27890625 0.2743055555555556 0.043229166666666666 0.10138888888888889
1 0.42994791666666665 0.25 0.030729166666666665 0.075
1 0.6924479166666666 0.2673611111111111 0.04739583333333333 0.09305555555555556
0 0.3963541666666667 0.33263888888888893 0.058333333333333334 0.19305555555555556
