0 0.06588541666666667 0.2013888888888889 0.03802083333333333 0.23055555555555557
0 0.061718749999999996 0.8333333333333334 0.03177083333333333 0.16111111111111112
1 0.1421875 0.7409722222222223 0.034375 0.06527777777777778
0 0.12395833333333334 0.8270833333333334 0.06041666666666667 0.17916666666666667
1 0.14036458333333332 0.24097222222222223 0.03177083333333333 0.07361111111111111
1 0.28098958333333335 0.23402777777777778 0.0265625 0.06805555555555556
1 0.27708333333333335 0.7361111111111112 0.03854166666666667 0.08611111111111111
1 0.4106770833333333 0.26875 0.04635416666666667 0.12638888888888888
1 0.41302083333333334 0.7555555555555555 0.042708333333333334 0.10555555555555556
1 0.5419270833333333 0.7333333333333334 0.0359375 0.08055555555555556
1 0.5497395833333333 0.26319444444444445 0.05677083333333333 0.14027777777777778
1 0.6815104166666667 0.7604166666666667 0.0484375 0.15416666666666667
1 0.68046875 0.23402777777777778 0.04114583333333333 0.09861111111111112
1 0.8174479166666666 0.7555555555555555 0.0515625 0.1388888888888889
1 0.8192708333333333 0.26319444444444445 0.052083333333333336 0.14583333333333334
