1 0.18177083333333333 0.2590277777777778 0.058333333333333334 0.1875
1 0.3140625 0.24791666666666667 0.0625 0.24861111111111112
1 0.44921875 0.2465277777777778 0.05364583333333333 0.24305555555555555
1 0.17838541666666666 0.7590277777777779 0.0515625 0.2513888888888889
1 0.31796875 0.7486111111111111 0.0453125 0.2111111111111111
0 0.5005208333333333 0.2013888888888889 -0.04895833333333333 0.2611111111111111
0 0.5643229166666667 0.45416666666666666 -0.0515625 0.14166666666666666
0 0.41822916666666665 0.5208333333333334 -0.14166666666666666 0.31666666666666665
0 0.2591145833333333 0.43333333333333335 -0.04010416666666666 0.10277777777777779
0 0.23098958333333333 0.7083333333333334 -0.04635416666666667 0.13055555555555556
