1 0.20703125 0.23472222222222222 0.06510416666666667 0.21944444444444444
1 0.34661458333333334 0.24583333333333335 0.06510416666666667 0.21944444444444444
1 0.47994791666666664 0.24444444444444446 0.06510416666666667 0.21944444444444444
1 0.6153645833333333 0.25416666666666665 0.06510416666666667 0.21944444444444444
1 0.7533854166666667 0.2625 0.06510416666666667 0.21944444444444444
1 0.8903645833333333 0.2701388888888889 0.059895833333333336 0.20972222222222223
1 0.8859374999999999 0.7770833333333333 0.06041666666666667 0.20972222222222223
1 0.74375 0.7430555555555556 0.06770833333333333 0.21944444444444444
1 0.6096354166666667 0.7555555555555555 0.0703125 0.23333333333333334
1 0.48072916666666665 0.7354166666666667 0.06354166666666666 0.19861111111111113
1 0.33984375 0.7423611111111111 0.058854166666666666 0.17916666666666667
1 0.20338541666666665 0.7458333333333333 0.0703125 0.2111111111111111
