1 0.30442708333333335 0.29375 0.03177083333333333 0.10138888888888889
1 0.17526041666666667 0.7652777777777778 0.0421875 0.08888888888888889
1 0.3065104166666667 0.7597222222222223 0.03177083333333333 0.08055555555555556
1 0.4440104166666667 0.7569444444444444 0.03697916666666667 0.08333333333333334
1 0.5802083333333333 0.7611111111111112 0.03333333333333333 0.08611111111111111
1 0.715625 0.7465277777777778 0.03333333333333333 0.07361111111111111
1 0.8518229166666667 0.7534722222222222 0.03177083333333333 0.08750000000000001
1 0.5768229166666666 0.29583333333333334 0.03177083333333333 0.08333333333333334
0 0.8989583333333333 0.5965277777777778 -0.04583333333333333 0.11805555555555557
1 0.44609375 0.2972222222222222 0.03177083333333333 0.06666666666666667
1 0.17604166666666665 0.27708333333333335 0.020833333333333332 0.059722222222222225
1 0.8614583333333333 0.2881944444444445 0.026041666666666668 0.07083333333333333
1 0.71953125 0.2847222222222222 0.021354166666666667 0.061111111111111116
0 0.9427083333333334 0.38958333333333334 -0.03229166666666666 -0.5930555555555556
0 0.9289062499999999 0.8388888888888889 0.04739583333333333 0.1388888888888889
