1 0.2203125 0.2611111111111111 0.06041666666666667 0.10833333333333334
1 0.35390625 0.25833333333333336 0.06302083333333333 0.11666666666666667
1 0.6174479166666667 0.25972222222222224 0.04635416666666667 0.075
1 0.64296875 0.7284722222222223 0.033854166666666664 0.12916666666666668
1 0.21588541666666666 0.7194444444444444 0.058854166666666666 0.11944444444444445
1 0.3559895833333333 0.7208333333333333 0.05260416666666667 0.09166666666666667
1 0.4901041666666667 0.7458333333333333 0.06041666666666667 0.08333333333333334
2 0.8351562499999999 0.4902777777777778 -0.0390625 0.06666666666666667
1 0.8953125 0.7333333333333334 0.052083333333333336 0.06666666666666667
1 0.890625 0.2548611111111111 0.03333333333333333 0.07361111111111111
1 0.4778645833333333 0.2659722222222222 0.030729166666666665 0.06805555555555556
