1 0.1859375 0.23055555555555557 0.034375 0.08055555555555556
1 0.33125 0.225 0.046875 0.09444444444444444
1 0.46848958333333335 0.2111111111111111 0.03697916666666667 0.09166666666666667
1 0.7268229166666667 0.22847222222222224 0.0296875 0.0763888888888889
1 0.8674479166666667 0.24027777777777778 0.04114583333333333 0.10555555555555556
1 0.725 0.7409722222222223 0.03125 0.08194444444444444
1 0.4622395833333333 0.7354166666666667 0.049479166666666664 0.09027777777777778
1 0.5958333333333333 0.7090277777777778 0.035416666666666666 0.10416666666666667
1 0.18854166666666666 0.7173611111111111 0.04791666666666666 0.09861111111111112
1 0.8619791666666666 0.7548611111111111 0.02395833333333333 0.07361111111111111
1 0.3294270833333333 0.7305555555555556 0.04114583333333333 0.06944444444444445
