1 0.12786458333333334 0.2673611111111111 0.0515625 0.15416666666666667
1 0.26328125 0.2590277777777778 0.059895833333333336 0.14305555555555557
1 0.39869791666666665 0.2652777777777778 0.059895833333333336 0.14166666666666666
1 0.5341145833333333 0.2659722222222222 0.059895833333333336 0.14305555555555557
1 0.6739583333333333 0.27222222222222225 0.06145833333333333 0.1527777777777778
1 0.8075520833333333 0.27569444444444446 0.06302083333333333 0.16527777777777777
1 0.8059895833333334 0.7736111111111111 0.0546875 0.15
1 0.67109375 0.7659722222222223 0.06197916666666667 0.1513888888888889
1 0.53359375 0.7729166666666667 0.05364583333333333 0.15694444444444444
1 0.4 0.7715277777777778 0.053125 0.15694444444444444
1 0.2635416666666667 0.7548611111111111 0.04479166666666667 0.13472222222222222
1 0.12708333333333333 0.7604166666666667 0.058333333333333334 0.15694444444444444
