1 0.19583333333333333 0.20833333333333334 0.05520833333333333 0.15
1 0.3377604166666667 0.21736111111111112 0.0546875 0.16527777777777777
1 0.471875 0.21597222222222223 0.05416666666666667 0.14305555555555557
1 0.6080729166666666 0.20972222222222223 0.05572916666666666 0.14444444444444446
1 0.7440104166666667 0.20347222222222222 0.0484375 0.12638888888888888
1 0.8786458333333333 0.22083333333333335 0.053125 0.14444444444444446
1 0.8799479166666666 0.725 0.049479166666666664 0.1527777777777778
1 0.7505208333333333 0.7215277777777778 0.034375 0.1375
1 0.6075520833333333 0.7333333333333334 0.033854166666666664 0.1277777777777778
1 0.4671875 0.7215277777777778 0.05416666666666667 0.14027777777777778
1 0.33151041666666664 0.7145833333333333 0.057812499999999996 0.1513888888888889
1 0.19505208333333332 0.7375 0.05364583333333333 0.17500000000000002
