0 0.9377604166666667 0.13819444444444445 0.05364583333333333 0.15416666666666667
1 0.196875 0.2138888888888889 0.058333333333333334 0.11666666666666667
1 0.33151041666666664 0.22569444444444445 0.049479166666666664 0.08750000000000001
1 0.4671875 0.2125 0.052083333333333336 0.10555555555555556
1 0.6036458333333333 0.2152777777777778 0.051041666666666666 0.10277777777777779
1 0.86484375 0.7388888888888889 0.0421875 0.08611111111111111
1 0.8671875 0.24375000000000002 0.025 0.07361111111111111
1 0.475 0.7298611111111112 0.03229166666666666 0.07361111111111111
1 0.3265625 0.7312500000000001 0.058333333333333334 0.12361111111111112
1 0.19114583333333332 0.7312500000000001 0.04583333333333333 0.10694444444444445
1 0.7276041666666666 0.7493055555555556 0.03125 0.08194444444444444
1 0.60078125 0.7465277777777778 0.0453125 0.10694444444444445
