1 0.19010416666666666 0.22916666666666669 0.053125 0.1277777777777778
1 0.46015625 0.22777777777777777 0.05260416666666667 0.10555555555555556
1 0.33229166666666665 0.22777777777777777 0.042708333333333334 0.09722222222222222
1 0.59375 0.2326388888888889 0.030208333333333334 0.07916666666666666
1 0.7296875 0.23541666666666666 0.03854166666666667 0.08194444444444444
1 0.8645833333333334 0.7381944444444445 0.03958333333333333 0.08194444444444444
1 0.7354166666666666 0.7291666666666667 0.05416666666666667 0.10277777777777779
1 0.5971354166666667 0.7277777777777779 0.04739583333333333 0.08888888888888889
1 0.45625 0.7333333333333334 0.036458333333333336 0.075
1 0.32760416666666664 0.7083333333333334 0.05 0.125
1 0.19453125 0.7173611111111111 0.04635416666666667 0.12638888888888888
0 0.8580729166666666 0.11180555555555556 -0.04010416666666666 -0.10972222222222222
0 0.91953125 0.48055555555555557 -0.0265625 -0.37777777777777777
0 0.9260416666666667 0.8472222222222222 0.053125 0.15
