1 0.13359375 0.2513888888888889 0.0359375 0.09444444444444444
1 0.13489583333333333 0.7458333333333333 0.036458333333333336 0.075
1 0.26536458333333335 0.24722222222222223 0.04739583333333333 0.08888888888888889
1 0.5354166666666667 0.7541666666666667 0.04479166666666667 0.08333333333333334
1 0.5377604166666666 0.275 0.0453125 0.1277777777777778
1 0.40989583333333335 0.25416666666666665 0.030208333333333334 0.075
1 0.271875 0.7555555555555555 0.026041666666666668 0.08333333333333334
1 0.6682291666666667 0.757638888888889 0.046875 0.09305555555555556
1 0.8039062499999999 0.7430555555555556 0.0515625 0.14166666666666666
1 0.66875 0.2534722222222222 0.052083333333333336 0.12083333333333333
1 0.803125 0.2569444444444445 0.05416666666666667 0.1388888888888889
0 0.08828125 0.6444444444444445 0.034895833333333334 0.27222222222222225
0 0.1 0.8673611111111111 0.08958333333333333 0.15694444444444444
0 0.8971354166666666 0.4236111111111111 0.05364583333333333 0.15833333333333333
