0 0.10260416666666666 0.275 0.028125 0.28611111111111115
0 0.8841145833333334 0.5520833333333334 0.06510416666666667 0.18194444444444446
1 0.14192708333333334 0.2590277777777778 0.034895833333333334 0.09027777777777778
1 0.27630208333333334 0.26319444444444445 0.034895833333333334 0.09027777777777778
1 0.409375 0.2715277777777778 0.034375 0.09027777777777778
1 0.5408854166666667 0.29097222222222224 0.044270833333333336 0.10138888888888889
1 0.6723958333333333 0.2888888888888889 0.052083333333333336 0.11666666666666667
1 0.8182291666666667 0.28125 0.04895833333333333 0.10972222222222222
1 0.8151041666666666 0.788888888888889 0.04895833333333333 0.11111111111111112
1 0.67578125 0.78125 0.04114583333333333 0.0763888888888889
1 0.54453125 0.7770833333333333 0.043229166666666666 0.0763888888888889
1 0.4106770833333333 0.7743055555555556 0.0421875 0.09305555555555556
1 0.275 0.7770833333333333 0.03125 0.07083333333333333
0 0.05026041666666667 0.5083333333333333 0.028645833333333332 0.7555555555555555
0 0.14791666666666667 0.48958333333333337 0.04375 0.11527777777777778
