1 0.1859375 0.225 0.057291666666666664 0.17222222222222222
1 0.3184895833333333 0.23472222222222222 0.05364583333333333 0.18333333333333335
1 0.46484375 0.22569444444444445 0.06197916666666667 0.15694444444444444
1 0.5979166666666667 0.225 0.06041666666666667 0.16111111111111112
1 0.7296875 0.23402777777777778 0.06041666666666667 0.1736111111111111
1 0.8666666666666667 0.24097222222222223 0.046875 0.1763888888888889
1 0.8674479166666667 0.7520833333333333 0.05572916666666666 0.16527777777777777
1 0.7294270833333333 0.7395833333333334 0.049479166666666664 0.14305555555555557
1 0.59375 0.7312500000000001 0.05625 0.15972222222222224
1 0.4583333333333333 0.7319444444444445 0.05520833333333333 0.16111111111111112
1 0.31979166666666664 0.725 0.0625 0.18888888888888888
1 0.18567708333333333 0.7263888888888889 0.049479166666666664 0.19166666666666668
