1 0.8611979166666667 0.7402777777777778 0.03177083333333333 0.07777777777777778
1 0.7268229166666667 0.7395833333333334 0.03177083333333333 0.0763888888888889
1 0.4479166666666667 0.75625 0.027083333333333334 0.059722222222222225
1 0.31354166666666666 0.7416666666666667 0.0375 0.08888888888888889
1 0.5869791666666666 0.7430555555555556 0.034375 0.08333333333333334
1 0.8567708333333334 0.2638888888888889 0.021875 0.058333333333333334
1 0.17760416666666667 0.7416666666666667 0.030208333333333334 0.08055555555555556
1 0.17552083333333332 0.2638888888888889 0.030208333333333334 0.06944444444444445
0 0.9114583333333334 0.13819444444444445 0.022916666666666665 0.17916666666666667
0 0.8536458333333333 0.5986111111111111 0.052083333333333336 0.08055555555555556
