1 0.51796875 0.23819444444444446 0.06927083333333334 0.14027777777777778
1 0.36171875 0.7215277777777778 0.018229166666666668 0.12638888888888888
1 0.784375 0.7743055555555556 0.057291666666666664 0.12916666666666668
1 0.6510416666666666 0.7298611111111112 0.065625 0.18194444444444446
1 0.1109375 0.7048611111111112 0.06145833333333333 0.10972222222222222
1 0.5098958333333333 0.7340277777777778 0.06145833333333333 0.12638888888888888
1 0.80625 0.2534722222222222 0.035416666666666666 0.10416666666666667
1 0.6549479166666666 0.24444444444444446 0.059895833333333336 0.17222222222222222
1 0.24296874999999998 0.7083333333333334 0.05260416666666667 0.14166666666666666
1 0.37890625 0.23055555555555557 0.050520833333333334 0.09444444444444444
1 0.26328125 0.24791666666666667 0.0359375 0.08472222222222223
1 0.3950520833333333 0.7138888888888889 0.0328125 0.08888888888888889
1 0.2638020833333333 0.3715277777777778 0.04114583333333333 0.06527777777777778
