1 0.39401041666666664 0.7423611111111111 0.06822916666666666 0.09861111111111112
1 0.5333333333333333 0.28055555555555556 0.0625 0.15555555555555556
1 0.6606770833333333 0.75 0.06927083333333334 0.17777777777777778
1 0.2622395833333333 0.26805555555555555 0.0609375 0.10277777777777779
1 0.7994791666666666 0.7541666666666667 0.07083333333333333 0.15
1 0.8026041666666667 0.2923611111111111 0.06666666666666667 0.15694444444444444
1 0.13776041666666666 0.7520833333333333 0.0390625 0.09861111111111112
1 0.52265625 0.7673611111111112 0.0421875 0.13472222222222222
1 0.6609375 0.2826388888888889 0.057291666666666664 0.12638888888888888
1 0.39609375 0.2826388888888889 0.057812499999999996 0.12083333333333333
1 0.2625 0.7402777777777778 0.051041666666666666 0.10555555555555556
1 0.12578125 0.2715277777777778 0.057812499999999996 0.12916666666666668
0 0.08723958333333333 0.15 0.022395833333333334 0.17222222222222222
0 0.08645833333333333 0.5361111111111111 0.01875 0.17500000000000002
