1 0.10989583333333333 0.25972222222222224 0.06979166666666667 0.21666666666666667
1 0.51484375 0.7333333333333334 0.07552083333333333 0.2388888888888889
1 0.6390625 0.7423611111111111 0.057291666666666664 0.18472222222222223
1 0.24505208333333334 0.7381944444444445 0.0703125 0.17916666666666667
1 0.3794270833333333 0.7166666666666667 0.0640625 0.16666666666666669
1 0.7872395833333333 0.7333333333333334 0.0703125 0.23611111111111113
1 0.1015625 0.7416666666666667 0.059375 0.2
1 0.5036458333333333 0.2534722222222222 0.052083333333333336 0.16527777777777777
1 0.6497395833333334 0.2652777777777778 0.06822916666666666 0.225
1 0.24114583333333334 0.2576388888888889 0.065625 0.17083333333333334
1 0.7903645833333334 0.2638888888888889 0.06302083333333333 0.2916666666666667
1 0.37395833333333334 0.27708333333333335 0.05625 0.17083333333333334
