1 0.5338541666666666 0.23194444444444445 0.022916666666666665 0.06666666666666667
1 0.12057291666666667 0.7090277777777778 0.04010416666666666 0.09027777777777778
1 0.7942708333333334 0.24861111111111112 0.07083333333333333 0.18333333333333335
1 0.3893229166666667 0.7131944444444445 0.04010416666666666 0.09027777777777778
1 0.64921875 0.7263888888888889 0.06614583333333333 0.1
1 0.26145833333333335 0.7125 0.030208333333333334 0.07777777777777778
1 0.39348958333333334 0.24027777777777778 0.0328125 0.07777777777777778
1 0.25390625 0.22777777777777777 0.03802083333333333 0.06944444444444445
1 0.6713541666666667 0.23402777777777778 0.026041666666666668 0.06805555555555556
1 0.7877604166666666 0.7166666666666667 0.0421875 0.11111111111111112
0 0.8622395833333333 0.46458333333333335 0.044270833333333336 0.0625
1 0.5299479166666666 0.7166666666666667 0.0328125 0.08333333333333334
