1 0.19192708333333333 0.26319444444444445 0.0734375 0.1736111111111111
1 0.31536458333333334 0.732638888888889 0.0453125 0.10416666666666667
1 0.47213541666666664 0.26458333333333334 0.05260416666666667 0.11527777777777778
1 0.6192708333333333 0.27083333333333337 0.046875 0.09166666666666667
1 0.8588541666666667 0.7263888888888889 0.036458333333333336 0.08055555555555556
1 0.72421875 0.25625000000000003 0.0484375 0.09027777777777778
1 0.8596354166666667 0.24583333333333335 0.04010416666666666 0.08333333333333334
1 0.465625 0.7319444444444445 0.046875 0.11388888888888889
1 0.18541666666666667 0.7243055555555555 0.03125 0.07083333333333333
1 0.3208333333333333 0.25833333333333336 0.05416666666666667 0.08888888888888889
1 0.5841145833333333 0.732638888888889 0.04010416666666666 0.08194444444444444
1 0.7286458333333333 0.7173611111111111 0.029166666666666667 0.08194444444444444
