1 0.871875 0.7333333333333334 0.06041666666666667 0.08888888888888889
1 0.303125 0.2701388888888889 0.026041666666666668 0.0763888888888889
1 0.5966145833333333 0.7381944444444445 0.058854166666666666 0.08472222222222223
1 0.44505208333333335 0.2798611111111111 0.027604166666666666 0.07916666666666666
1 0.18203125 0.7041666666666667 0.0484375 0.15833333333333333
1 0.45078124999999997 0.7409722222222223 0.04010416666666666 0.06805555555555556
1 0.31979166666666664 0.7027777777777778 0.052083333333333336 0.14166666666666666
1 0.59296875 0.23680555555555557 0.06302083333333333 0.12083333333333333
1 0.86875 0.2625 0.05 0.10277777777777779
1 0.71796875 0.7312500000000001 0.019270833333333334 0.0763888888888889
0 0.8971354166666666 0.47708333333333336 0.050520833333333334 0.13472222222222222
1 0.184375 0.28611111111111115 0.06875 0.08055555555555556
