1 0.40078125 0.7486111111111111 0.059895833333333336 0.16666666666666669
1 0.6684895833333333 0.2777777777777778 0.059895833333333336 0.12222222222222223
1 0.5479166666666666 0.7472222222222222 0.0375 0.10833333333333334
1 0.5328125 0.26875 0.06875 0.17916666666666667
1 0.2669270833333333 0.2826388888888889 0.0640625 0.1625
1 0.3890625 0.2965277777777778 0.046875 0.13472222222222222
1 0.8039062499999999 0.27083333333333337 0.0546875 0.13611111111111113
1 0.2635416666666667 0.75 0.06458333333333333 0.12222222222222223
1 0.8109375 0.7402777777777778 0.065625 0.17500000000000002
1 0.6770833333333334 0.7736111111111111 0.05520833333333333 0.15833333333333333
1 0.11614583333333334 0.7555555555555555 0.042708333333333334 0.15
1 0.12682291666666667 0.2763888888888889 0.05677083333333333 0.125
