1 0.48359375 0.25069444444444444 0.06614583333333333 0.22083333333333335
1 0.3424479166666667 0.7354166666666667 0.07447916666666667 0.26805555555555555
1 0.20260416666666667 0.2611111111111111 0.071875 0.2611111111111111
1 0.76171875 0.24722222222222223 0.04739583333333333 0.22777777777777777
1 0.48046875 0.7277777777777779 0.08385416666666666 0.26666666666666666
1 0.8848958333333333 0.26666666666666666 0.07604166666666666 0.2111111111111111
1 0.6114583333333333 0.2652777777777778 0.078125 0.275
1 0.6153645833333333 0.7208333333333333 0.07447916666666667 0.26944444444444443
1 0.8981770833333333 0.7236111111111111 0.050520833333333334 0.23333333333333334
1 0.19401041666666666 0.6576388888888889 0.07447916666666667 0.10138888888888889
1 0.33567708333333335 0.25416666666666665 0.0859375 0.275
1 0.7578125 0.7312500000000001 0.057291666666666664 0.25972222222222224
1 0.19505208333333332 0.8520833333333334 0.0609375 0.06527777777777778
