1 0.20729166666666665 0.25972222222222224 0.071875 0.27222222222222225
1 0.6364583333333333 0.7472222222222222 0.04479166666666667 0.2
1 0.7614583333333333 0.7291666666666667 0.0625 0.19722222222222224
1 0.49114583333333334 0.7409722222222223 0.05416666666666667 0.17083333333333334
1 0.9020833333333333 0.2611111111111111 0.04791666666666666 0.17500000000000002
1 0.75625 0.25 0.07083333333333333 0.24166666666666667
1 0.47994791666666664 0.27222222222222225 0.0765625 0.28611111111111115
1 0.6236979166666666 0.28055555555555556 0.0515625 0.18055555555555555
1 0.34296875 0.7381944444444445 0.07135416666666666 0.26805555555555555
1 0.896875 0.7319444444444445 0.06145833333333333 0.18055555555555555
1 0.3575520833333333 0.27083333333333337 0.05364583333333333 0.14444444444444446
1 0.21302083333333333 0.7243055555555555 0.05625 0.16805555555555557
