1 0.5182291666666666 0.7680555555555556 0.08229166666666667 0.2388888888888889
1 0.6515625 0.2916666666666667 0.07395833333333333 0.225
1 0.11614583333333334 0.7618055555555556 0.075 0.1875
1 0.81015625 0.3784722222222222 0.0703125 0.0763888888888889
1 0.51875 0.28750000000000003 0.090625 0.2611111111111111
1 0.10182291666666667 0.2986111111111111 0.05364583333333333 0.225
1 0.22890625 0.28194444444444444 0.025520833333333333 0.2388888888888889
1 0.38619791666666664 0.30069444444444443 0.07239583333333333 0.23194444444444445
0 0.8976562499999999 0.3875 0.044270833333333336 0.08611111111111111
1 0.2591145833333333 0.7618055555555556 0.09322916666666667 0.24861111111111112
1 0.3950520833333333 0.7680555555555556 0.08697916666666666 0.25
1 0.7708333333333334 0.7763888888888889 0.028125 0.20277777777777778
1 0.6697916666666667 0.757638888888889 0.090625 0.2652777777777778
