1 0.7421875 0.2451388888888889 0.06979166666666667 0.27083333333333337
1 0.8815104166666666 0.2451388888888889 0.0609375 0.20694444444444446
1 0.1984375 0.24375000000000002 0.06770833333333333 0.23750000000000002
1 0.6109375 0.2652777777777778 0.05 0.18055555555555555
1 0.47161458333333334 0.2673611111111111 0.06302083333333333 0.19305555555555556
1 0.8736979166666666 0.7090277777777778 0.07135416666666666 0.24583333333333335
1 0.6013020833333333 0.7166666666666667 0.08489583333333334 0.2611111111111111
1 0.46484375 0.71875 0.08489583333333334 0.27083333333333337
1 0.3328125 0.24375000000000002 0.06666666666666667 0.20416666666666666
1 0.33151041666666664 0.7166666666666667 0.07864583333333333 0.24722222222222223
1 0.7427083333333333 0.7180555555555556 0.06666666666666667 0.21944444444444444
1 0.20208333333333334 0.7270833333333334 0.06770833333333333 0.17916666666666667
