1 0.8799479166666666 0.7118055555555556 0.06822916666666666 0.17083333333333334
1 0.7424479166666667 0.23819444444444446 0.06197916666666667 0.14583333333333334
1 0.32916666666666666 0.23958333333333334 0.065625 0.2152777777777778
1 0.19583333333333333 0.24583333333333335 0.07708333333333334 0.23055555555555557
1 0.6052083333333333 0.7097222222222223 0.065625 0.18055555555555555
1 0.8778645833333333 0.24166666666666667 0.058854166666666666 0.11666666666666667
1 0.33359375 0.7083333333333334 0.07239583333333333 0.18333333333333335
1 0.47213541666666664 0.7020833333333334 0.06302083333333333 0.1486111111111111
1 0.19453125 0.7125 0.058854166666666666 0.14444444444444446
1 0.5927083333333333 0.24375000000000002 0.036458333333333336 0.10972222222222222
1 0.746875 0.7243055555555555 0.030208333333333334 0.09861111111111112
1 0.4786458333333333 0.22777777777777777 0.05520833333333333 0.16944444444444445
