1 0.5130208333333334 0.2625 0.078125 0.1388888888888889
1 0.5158854166666667 0.7569444444444444 0.0609375 0.17500000000000002
1 0.24609375 0.7256944444444444 0.0703125 0.22361111111111112
1 0.65625 0.275 0.07395833333333333 0.21666666666666667
1 0.37994791666666666 0.7652777777777778 0.06822916666666666 0.17222222222222222
1 0.23645833333333333 0.24583333333333335 0.05520833333333333 0.13333333333333333
1 0.6502604166666667 0.7458333333333333 0.06927083333333334 0.18611111111111112
1 0.784375 0.7395833333333334 0.071875 0.22361111111111112
1 0.10625 0.7340277777777778 0.06770833333333333 0.12361111111111112
1 0.7872395833333333 0.2555555555555556 0.06822916666666666 0.13611111111111113
1 0.39140625 0.2659722222222222 0.05572916666666666 0.12083333333333333
1 0.11119791666666666 0.2652777777777778 0.0703125 0.12222222222222223
