1 0.6002604166666666 0.23750000000000002 0.058854166666666666 0.10277777777777779
1 0.18333333333333332 0.23819444444444446 0.04791666666666666 0.09305555555555556
1 0.32265625 0.7138888888888889 0.0609375 0.08333333333333334
1 0.8627604166666667 0.7159722222222222 0.03697916666666667 0.07916666666666666
1 0.46171875 0.22708333333333333 0.057812499999999996 0.10972222222222222
1 0.7247395833333333 0.23680555555555557 0.03802083333333333 0.07083333333333333
1 0.7260416666666667 0.7131944444444445 0.035416666666666666 0.06805555555555556
1 0.5888020833333333 0.7076388888888889 0.04010416666666666 0.08194444444444444
1 0.1953125 0.7027777777777778 0.052083333333333336 0.08055555555555556
1 0.3145833333333333 0.23958333333333334 0.040625 0.07916666666666666
0 0.9231770833333334 0.6791666666666667 0.024479166666666666 0.5472222222222223
