1 0.21380208333333334 0.7201388888888889 0.059895833333333336 0.23472222222222222
1 0.20807291666666666 0.2534722222222222 0.07447916666666667 0.17083333333333334
1 0.3458333333333333 0.26180555555555557 0.06354166666666666 0.14583333333333334
1 0.74765625 0.7472222222222222 0.04635416666666667 0.0638888888888889
1 0.34479166666666666 0.7715277777777778 0.06041666666666667 0.10138888888888889
1 0.4640625 0.7493055555555556 0.03229166666666666 0.07361111111111111
1 0.6075520833333333 0.27569444444444446 -0.027604166666666666 -0.06805555555555556
1 0.4591145833333333 0.26666666666666666 0.0359375 0.07777777777777778
1 0.6028645833333334 0.7520833333333333 0.0453125 0.09027777777777778
1 0.8807291666666667 0.27083333333333337 0.034375 0.08055555555555556
