1 0.13411458333333334 0.26666666666666666 0.059895833333333336 0.1277777777777778
1 0.5377604166666666 0.7409722222222223 0.05364583333333333 0.11527777777777778
1 0.8002604166666667 0.24791666666666667 0.06822916666666666 0.1763888888888889
1 0.4036458333333333 0.2520833333333333 0.06041666666666667 0.13194444444444445
1 0.5239583333333333 0.24305555555555555 0.058333333333333334 0.2138888888888889
1 0.6747395833333333 0.2423611111111111 0.06197916666666667 0.19305555555555556
1 0.8052083333333333 0.7305555555555556 0.06770833333333333 0.2138888888888889
1 0.2716145833333333 0.7277777777777779 0.06197916666666667 0.14166666666666666
1 0.26510416666666664 0.27361111111111114 0.06145833333333333 0.1277777777777778
1 0.675 0.725 0.05520833333333333 0.1
1 0.14192708333333334 0.7493055555555556 0.034895833333333334 0.08472222222222223
1 0.4049479166666667 0.7347222222222223 0.057812499999999996 0.06944444444444445
