1 0.7322916666666667 0.6805555555555556 0.04895833333333333 0.18888888888888888
1 0.3171875 0.7263888888888889 0.03125 0.0638888888888889
1 0.4552083333333333 0.7256944444444444 0.03229166666666666 0.06527777777777778
1 0.3171875 0.2465277777777778 0.03854166666666667 0.10138888888888889
1 0.19609375 0.7097222222222223 0.05260416666666667 0.07222222222222223
1 0.18541666666666667 0.22708333333333333 0.03229166666666666 0.08750000000000001
1 0.590625 0.24444444444444446 0.034375 0.08888888888888889
1 0.7239583333333334 0.25625000000000003 0.029166666666666667 0.0763888888888889
1 0.8635416666666667 0.2555555555555556 0.040625 0.09722222222222222
0 0.8815104166666666 0.4215277777777778 0.0515625 -0.1513888888888889
