1 0.1359375 0.7458333333333333 0.041666666666666664 0.09444444444444444
1 0.13307291666666665 0.27083333333333337 0.0546875 0.11944444444444445
1 0.2703125 0.7458333333333333 0.04791666666666666 0.08611111111111111
1 0.8127604166666667 0.27083333333333337 0.0609375 0.10277777777777779
1 0.39765625 0.7611111111111112 0.057812499999999996 0.12222222222222223
1 0.53984375 0.7590277777777779 0.06302083333333333 0.12361111111111112
1 0.8083333333333333 0.7569444444444444 0.06770833333333333 0.15
1 0.53203125 0.25972222222222224 0.05572916666666666 0.09166666666666667
1 0.6786458333333333 0.27222222222222225 0.071875 0.14444444444444446
1 0.278125 0.27083333333333337 0.030208333333333334 0.08055555555555556
1 0.6716145833333333 0.75625 0.0609375 0.1513888888888889
0 0.08307291666666666 0.16597222222222222 0.04114583333333333 0.10972222222222222
1 0.4049479166666667 0.2868055555555556 0.022395833333333334 0.05694444444444444
