1 0.21927083333333333 0.2326388888888889 0.06354166666666666 0.1763888888888889
1 0.35104166666666664 0.24166666666666667 0.06354166666666666 0.14722222222222223
1 0.35052083333333334 0.7138888888888889 0.0625 0.16666666666666669
1 0.62421875 0.26458333333333334 0.06197916666666667 0.13194444444444445
1 0.48411458333333335 0.7340277777777778 0.06614583333333333 0.15972222222222224
1 0.7598958333333333 0.7409722222222223 0.06354166666666666 0.1375
1 0.21484375 0.7430555555555556 0.0765625 0.2138888888888889
1 0.7622395833333333 0.26805555555555555 0.050520833333333334 0.14722222222222223
1 0.8927083333333333 0.25833333333333336 0.0625 0.11388888888888889
1 0.6234375 0.7256944444444444 0.06666666666666667 0.13194444444444445
1 0.89453125 0.7395833333333334 0.0640625 0.12361111111111112
1 0.49609375 0.23819444444444446 0.04010416666666666 0.10138888888888889
