1 0.528125 0.732638888888889 0.04791666666666666 0.20416666666666666
1 0.2598958333333333 0.7486111111111111 0.058333333333333334 0.1388888888888889
1 0.675 0.2513888888888889 0.06458333333333333 0.1277777777777778
1 0.8216145833333334 0.7305555555555556 0.043229166666666666 0.09444444444444444
1 0.2700520833333333 0.2569444444444445 0.03802083333333333 0.08333333333333334
1 0.8192708333333333 0.25972222222222224 0.030208333333333334 0.075
1 0.5346354166666667 0.2972222222222222 0.0546875 0.14444444444444446
1 0.13411458333333334 0.2555555555555556 0.044270833333333336 0.10555555555555556
1 0.12916666666666665 0.7333333333333334 0.034375 0.09444444444444444
1 0.39479166666666665 0.26319444444444445 0.071875 0.12083333333333333
1 0.4067708333333333 0.7361111111111112 0.041666666666666664 0.075
0 0.08541666666666667 0.2625 0.025 0.2833333333333333
0 0.08098958333333334 0.5798611111111112 -0.024479166666666666 -0.2791666666666667
