1 0.89609375 0.29375 0.07552083333333333 0.25416666666666665
1 0.34869791666666666 0.28055555555555556 0.06822916666666666 0.24166666666666667
1 0.6221354166666666 0.2777777777777778 0.0671875 0.20277777777777778
1 0.76171875 0.29097222222222224 0.06510416666666667 0.17083333333333334
1 0.6270833333333333 0.7798611111111111 0.06770833333333333 0.22083333333333335
1 0.7596354166666667 0.7659722222222223 0.07552083333333333 0.23194444444444445
1 0.21276041666666667 0.7506944444444444 0.0734375 0.2263888888888889
1 0.4861979166666667 0.2888888888888889 0.059895833333333336 0.21944444444444444
1 0.9041666666666667 0.7166666666666667 0.046875 0.15833333333333333
1 0.3416666666666667 0.7347222222222223 0.05 0.1277777777777778
1 0.484375 0.7270833333333334 0.06354166666666666 0.25416666666666665
1 0.21302083333333333 0.27361111111111114 0.07395833333333333 0.21666666666666667
