1 0.1015625 0.701388888888889 0.06145833333333333 0.17777777777777778
1 0.51328125 0.7298611111111112 0.0671875 0.2263888888888889
1 0.7861979166666666 0.7173611111111111 0.07447916666666667 0.25416666666666665
1 0.6463541666666667 0.7388888888888889 0.06979166666666667 0.20555555555555557
1 0.37994791666666666 0.25277777777777777 0.06510416666666667 0.15833333333333333
1 0.5096354166666667 0.26944444444444443 0.06510416666666667 0.1638888888888889
1 0.23723958333333334 0.26180555555555557 0.06197916666666667 0.18194444444444446
1 0.78125 0.2833333333333333 0.071875 0.18333333333333335
1 0.240625 0.6993055555555556 0.07708333333333334 0.21805555555555556
1 0.6481770833333333 0.2916666666666667 0.050520833333333334 0.16111111111111112
1 0.3638020833333333 0.7180555555555556 0.03697916666666667 0.20833333333333334
1 0.0953125 0.2465277777777778 0.03333333333333333 0.11527777777777778
