1 0.8096354166666666 0.75 0.0671875 0.125
1 0.67421875 0.2729166666666667 0.0515625 0.07916666666666666
1 0.53203125 0.7618055555555556 0.058854166666666666 0.13472222222222222
1 0.67421875 0.7458333333333333 0.0703125 0.13333333333333333
1 0.40781249999999997 0.7541666666666667 0.03958333333333333 0.08333333333333334
1 0.8153645833333333 0.2555555555555556 0.0796875 0.11111111111111112
1 0.27317708333333335 0.7416666666666667 0.043229166666666666 0.08333333333333334
1 0.13125 0.7909722222222223 0.040625 0.12083333333333333
1 0.5380208333333333 0.2923611111111111 0.059375 0.09305555555555556
1 0.4125 0.27708333333333335 0.03958333333333333 0.08472222222222223
1 0.2716145833333333 0.27222222222222225 0.04010416666666666 0.06666666666666667
1 0.14401041666666667 0.2652777777777778 0.028645833333333332 0.075
