1 0.7471354166666666 0.7555555555555555 0.0609375 0.1638888888888889
1 0.73125 0.28125 0.04375 0.09583333333333334
1 0.34088541666666666 0.24722222222222223 0.06197916666666667 0.16666666666666669
1 0.20755208333333333 0.7180555555555556 0.06197916666666667 0.2
1 0.18776041666666665 0.26875 0.03697916666666667 0.10138888888888889
1 0.47552083333333334 0.7465277777777778 0.052083333333333336 0.1375
1 0.6169270833333333 0.7465277777777778 0.0671875 0.11805555555555557
1 0.6088541666666667 0.2638888888888889 0.05520833333333333 0.13611111111111113
1 0.465625 0.27569444444444446 0.05625 0.1125
1 0.8807291666666667 0.2868055555555556 0.06145833333333333 0.10138888888888889
1 0.34401041666666665 0.7409722222222223 0.049479166666666664 0.15694444444444444
1 0.8729166666666667 0.75625 0.03333333333333333 0.08750000000000001
2 0.309375 0.39513888888888893 0.058333333333333334 0.0375
2 0.4010416666666667 0.5201388888888889 0.058333333333333334 0.08194444444444444
