1 0.7557291666666667 0.7194444444444444 0.06666666666666667 0.2
1 0.49166666666666664 0.7277777777777779 0.06145833333333333 0.23333333333333334
1 0.6231770833333333 0.24861111111111112 0.06822916666666666 0.21944444444444444
1 0.4830729166666667 0.26666666666666666 0.06822916666666666 0.20833333333333334
1 0.6286458333333333 0.7131944444444445 0.05416666666666667 0.20972222222222223
1 0.8984375 0.2625 0.06458333333333333 0.20555555555555557
1 0.7552083333333334 0.2611111111111111 0.06875 0.1638888888888889
1 0.21197916666666666 0.7270833333333334 0.06666666666666667 0.19861111111111113
1 0.20572916666666666 0.25069444444444444 0.06770833333333333 0.15694444444444444
1 0.35390625 0.26666666666666666 0.057812499999999996 0.125
1 0.8981770833333333 0.7340277777777778 0.0734375 0.17083333333333334
1 0.34661458333333334 0.7256944444444444 0.0734375 0.19861111111111113
