1 0.35651041666666666 0.7541666666666667 0.0609375 0.225
1 0.8981770833333333 0.2729166666666667 0.07135416666666666 0.20694444444444446
1 0.6184895833333334 0.22361111111111112 0.0734375 0.20555555555555557
1 0.62421875 0.7333333333333334 0.07864583333333333 0.225
1 0.3484375 0.2534722222222222 0.06875 0.2847222222222222
1 0.490625 0.24791666666666667 0.06770833333333333 0.25416666666666665
1 0.20677083333333332 0.7402777777777778 0.08125 0.2555555555555556
1 0.7565104166666666 0.7451388888888889 0.0609375 0.2125
1 0.21770833333333334 0.2638888888888889 0.07083333333333333 0.2138888888888889
1 0.7609375 0.2611111111111111 0.071875 0.19166666666666668
1 0.4901041666666667 0.7229166666666667 0.07083333333333333 0.27361111111111114
1 0.89453125 0.7111111111111111 0.0609375 0.25
