1 0.6083333333333333 0.25625000000000003 0.07291666666666667 0.27083333333333337
1 0.328125 0.23680555555555557 0.075 0.23194444444444445
1 0.8833333333333333 0.7375 0.07291666666666667 0.225
1 0.4671875 0.7305555555555556 0.08229166666666667 0.28055555555555556
1 0.88046875 0.2729166666666667 0.0828125 0.25416666666666665
1 0.46197916666666666 0.225 0.08125 0.23055555555555557
1 0.6041666666666666 0.7131944444444445 0.07395833333333333 0.25972222222222224
1 0.1953125 0.7173611111111111 0.08645833333333333 0.25972222222222224
1 0.7424479166666667 0.7284722222222223 0.06302083333333333 0.20416666666666666
1 0.33229166666666665 0.7076388888888889 0.06979166666666667 0.24861111111111112
1 0.19192708333333333 0.24097222222222223 0.07864583333333333 0.24583333333333335
1 0.7359375 0.22291666666666668 0.090625 0.22916666666666669
