1 0.6002604166666666 0.25 0.0640625 0.11944444444444445
1 0.33828125 0.2388888888888889 0.0484375 0.11388888888888889
1 0.18645833333333334 0.7152777777777778 0.065625 0.14444444444444446
1 0.45651041666666664 0.2423611111111111 0.0484375 0.1125
1 0.87734375 0.7125 0.0421875 0.09444444444444444
1 0.7239583333333334 0.7152777777777778 0.04791666666666666 0.09166666666666667
1 0.19166666666666665 0.24305555555555555 0.06979166666666667 0.13333333333333333
1 0.46015625 0.7131944444444445 0.06510416666666667 0.12083333333333333
1 0.33489583333333334 0.70625 0.04895833333333333 0.1375
1 0.8591145833333333 0.2423611111111111 0.04739583333333333 0.10972222222222222
1 0.7174479166666666 0.24097222222222223 0.0359375 0.10138888888888889
1 0.5934895833333333 0.7270833333333334 0.05364583333333333 0.10694444444444445
