1 0.20208333333333334 0.2555555555555556 0.06458333333333333 0.18611111111111112
1 0.47812499999999997 0.7145833333333333 0.053125 0.19861111111111113
1 0.61015625 0.6895833333333333 0.0640625 0.14583333333333334
1 0.3403645833333333 0.7423611111111111 0.0703125 0.27083333333333337
1 0.20598958333333334 0.7451388888888889 0.058854166666666666 0.21805555555555556
1 0.8713541666666667 0.275 0.036458333333333336 0.08333333333333334
1 0.3390625 0.24861111111111112 0.05625 0.16666666666666669
1 0.475 0.2611111111111111 0.06354166666666666 0.14722222222222223
1 0.6 0.2638888888888889 0.036458333333333336 0.09722222222222222
1 0.7354166666666666 0.2701388888888889 0.03958333333333333 0.1125
1 0.8716145833333333 0.7451388888888889 0.0421875 0.10972222222222222
1 0.7385416666666667 0.74375 0.04791666666666666 0.11805555555555557
