1 0.19661458333333334 0.2451388888888889 0.06510416666666667 0.19583333333333333
1 0.20494791666666667 0.7166666666666667 0.049479166666666664 0.15555555555555556
1 0.33359375 0.7298611111111112 0.0765625 0.19305555555555556
1 0.4731770833333333 0.7118055555555556 0.06302083333333333 0.16805555555555557
1 0.6072916666666667 0.7222222222222222 0.065625 0.2
1 0.74140625 0.7402777777777778 0.0609375 0.18333333333333335
1 0.8734375 0.7402777777777778 0.06354166666666666 0.18333333333333335
1 0.3286458333333333 0.22986111111111113 0.06666666666666667 0.1736111111111111
1 0.47578125 0.2513888888888889 0.05677083333333333 0.17500000000000002
1 0.61484375 0.23611111111111113 0.05677083333333333 0.11388888888888889
1 0.7361979166666667 0.2548611111111111 0.06614583333333333 0.21805555555555556
1 0.8776041666666666 0.24930555555555556 0.06354166666666666 0.16527777777777777
