1 0.18802083333333333 0.24444444444444446 0.06875 0.225
1 0.3140625 0.7305555555555556 0.0375 0.10833333333333334
1 0.4536458333333333 0.2604166666666667 0.036458333333333336 0.08750000000000001
1 0.4661458333333333 0.7409722222222223 0.06458333333333333 0.15972222222222224
1 0.5971354166666667 0.7222222222222222 0.0671875 0.13055555555555556
1 0.7390625 0.7284722222222223 0.06979166666666667 0.10694444444444445
1 0.725 0.25416666666666665 0.03854166666666667 0.09444444444444444
1 0.60625 0.25069444444444444 0.06458333333333333 0.09305555555555556
1 0.19166666666666665 0.7159722222222222 0.06354166666666666 0.1125
0 0.9216145833333333 0.8659722222222223 0.04635416666666667 0.16805555555555557
0 0.9364583333333333 0.15833333333333333 0.030208333333333334 0.1277777777777778
1 0.3203125 0.2590277777777778 0.041666666666666664 0.08750000000000001
1 0.8638020833333333 0.7319444444444445 -0.04010416666666666 0.10555555555555556
