0 0.5213541666666667 0.8715277777777778 -0.08645833333333333 0.15416666666666667
0 0.6588541666666666 0.5333333333333333 0.06145833333333333 -0.2111111111111111
0 0.7997395833333333 0.14375000000000002 0.025520833333333333 -0.20416666666666666
1 0.3184895833333333 0.24722222222222223 -0.04010416666666666 -0.1
1 0.18125 0.7090277777777778 -0.04479166666666667 -0.09027777777777778
1 0.45468749999999997 0.7256944444444444 -0.040625 -0.08472222222222223
1 0.31875 0.7215277777777778 -0.03333333333333333 -0.07916666666666666
1 0.18333333333333332 0.23680555555555557 -0.03229166666666666 -0.059722222222222225
1 0.45677083333333335 0.25277777777777777 -0.030208333333333334 -0.0638888888888889
1 0.7263020833333333 0.24444444444444446 -0.033854166666666664 -0.06944444444444445
