1 0.7747395833333334 0.7375 -0.05572916666666666 -0.13055555555555556
1 0.5067708333333333 0.7395833333333334 -0.029166666666666667 -0.08472222222222223
1 0.2421875 0.7347222222222223 -0.03229166666666666 -0.09166666666666667
1 0.09973958333333333 0.7388888888888889 -0.0359375 -0.08055555555555556
1 0.24270833333333333 0.24097222222222223 -0.03333333333333333 -0.09027777777777778
1 0.6356770833333333 0.23055555555555557 -0.050520833333333334 -0.08611111111111111
1 0.7671875 0.23750000000000002 -0.051041666666666666 -0.10277777777777779
1 0.3729166666666667 0.7340277777777778 -0.0375 -0.07916666666666666
1 0.5130208333333334 0.23750000000000002 -0.0375 -0.07777777777777778
1 0.63515625 0.7583333333333334 -0.044270833333333336 -0.08611111111111111
