1 0.19296875 0.7229166666666667 -0.07239583333333333 -0.11805555555555557
1 0.19505208333333332 0.2520833333333333 -0.06302083333333333 -0.12083333333333333
1 0.33229166666666665 0.2520833333333333 -0.0625 -0.17083333333333334
1 0.47239583333333335 0.7319444444444445 -0.07395833333333333 -0.11944444444444445
1 0.45546875 0.2520833333333333 -0.034895833333333334 -0.08750000000000001
1 0.7299479166666667 0.7263888888888889 -0.04114583333333333 -0.10555555555555556
1 0.87890625 0.25 -0.06510416666666667 -0.1
1 0.5934895833333333 0.71875 -0.028645833333333332 -0.08472222222222223
1 0.32005208333333335 0.7201388888888889 -0.0328125 -0.08194444444444444
1 0.7299479166666667 0.2604166666666667 -0.030729166666666665 -0.09861111111111112
0 0.94140625 0.7409722222222223 -0.04739583333333333 -0.2013888888888889
0 0.9200520833333333 0.39861111111111114 -0.021354166666666667 -0.16666666666666669
1 0.5963541666666666 0.25972222222222224 -0.03333333333333333 -0.08055555555555556
