1 0.46197916666666666 0.7006944444444445 0.05625 0.23750000000000002
1 0.18828125 0.7319444444444445 0.06614583333333333 0.1388888888888889
1 0.17942708333333332 0.2652777777777778 0.0484375 0.10833333333333334
1 0.44765625 0.2534722222222222 0.0328125 0.09027777777777778
1 0.5848958333333333 0.2652777777777778 0.03229166666666666 0.08888888888888889
1 0.740625 0.7305555555555556 0.06770833333333333 0.10277777777777779
1 0.32838541666666665 0.7347222222222223 0.0734375 0.15833333333333333
0 0.9091145833333333 0.5361111111111111 0.019270833333333334 0.2638888888888889
0 0.93125 0.8347222222222223 0.041666666666666664 0.15
0 0.9080729166666667 0.14097222222222222 -0.05364583333333333 -0.15416666666666667
1 0.30963541666666666 0.25416666666666665 0.027604166666666666 0.07222222222222223
1 0.7221354166666667 0.25833333333333336 0.0359375 0.09444444444444444
1 0.5861979166666667 0.7291666666666667 0.04010416666666666 0.1
1 0.8763020833333334 0.7458333333333333 0.0546875 0.11944444444444445
