1 0.51640625 0.7451388888888889 -0.0484375 -0.1736111111111111
1 0.65546875 0.25 -0.05572916666666666 -0.1388888888888889
1 0.7841145833333333 0.7666666666666667 -0.05364583333333333 -0.18611111111111112
1 0.6453125 0.7416666666666667 -0.05520833333333333 -0.15833333333333333
1 0.24791666666666667 0.7541666666666667 -0.04479166666666667 -0.11666666666666667
1 0.10989583333333333 0.2638888888888889 -0.04895833333333333 -0.11944444444444445
1 0.2520833333333333 0.24444444444444446 -0.03854166666666667 -0.09722222222222222
0 0.05963541666666666 0.7826388888888889 -0.0546875 0.10694444444444445
1 0.3763020833333333 0.7541666666666667 -0.05364583333333333 -0.09722222222222222
1 0.5161458333333333 0.26180555555555557 -0.05 -0.10972222222222222
1 0.3796875 0.2451388888888889 -0.04375 -0.08750000000000001
1 0.7854166666666667 0.2548611111111111 0.05625 0.16805555555555557
