1 0.209375 0.28055555555555556 -0.08541666666666667 -0.24166666666666667
1 0.21223958333333334 0.7375 -0.0734375 -0.22777777777777777
1 0.33567708333333335 0.2569444444444445 -0.0703125 -0.15
1 0.3484375 0.7361111111111112 0.07083333333333333 0.28611111111111115
1 0.48151041666666666 0.7493055555555556 -0.0609375 -0.25416666666666665
1 0.6153645833333333 0.75 -0.0828125 -0.3111111111111111
1 0.4786458333333333 0.2986111111111111 -0.059375 -0.25
1 0.7520833333333333 0.3013888888888889 -0.06666666666666667 -0.23333333333333334
1 0.7510416666666666 0.7423611111111111 -0.06770833333333333 -0.16527777777777777
1 0.8861979166666667 0.2763888888888889 -0.0703125 -0.17500000000000002
1 0.615625 0.2798611111111111 0.05520833333333333 0.10138888888888889
1 0.8778645833333333 0.7451388888888889 0.0484375 0.11805555555555557
