0 0.6979166666666666 0.45833333333333337 0.05 -0.1638888888888889
0 0.6723958333333333 0.8097222222222222 -0.030208333333333334 0.1
0 0.78046875 0.8659722222222223 -0.0484375 0.14305555555555557
0 0.7513020833333334 0.6263888888888889 0.03697916666666667 -0.10277777777777779
0 0.875 0.11041666666666668 0.03333333333333333 -0.10694444444444445
1 0.18619791666666666 0.2569444444444445 0.06614583333333333 0.11111111111111112
1 0.17994791666666665 0.7312500000000001 -0.0328125 -0.0763888888888889
1 0.3098958333333333 0.25 0.0375 0.07222222222222223
1 0.3109375 0.7291666666666667 -0.042708333333333334 -0.08888888888888889
1 0.4505208333333333 0.7208333333333333 -0.04479166666666667 -0.10277777777777779
1 0.4419270833333333 0.26180555555555557 -0.03697916666666667 -0.08750000000000001
1 0.5796875 0.7236111111111111 -0.036458333333333336 -0.08611111111111111
1 0.72109375 0.2604166666666667 0.04114583333333333 0.09861111111111112
