1 0.1265625 0.26944444444444443 -0.065625 -0.1
1 0.13828125 0.7354166666666667 -0.03697916666666667 -0.10416666666666667
1 0.40911458333333334 0.74375 -0.04635416666666667 -0.10416666666666667
1 0.27421875 0.7451388888888889 -0.0296875 -0.09027777777777778
1 0.52890625 0.7569444444444444 -0.05364583333333333 -0.18888888888888888
1 0.6653645833333334 0.7409722222222223 -0.05572916666666666 -0.11527777777777778
1 0.8106770833333333 0.2715277777777778 -0.0703125 -0.10972222222222222
1 0.5489583333333333 0.2701388888888889 -0.04375 -0.10416666666666667
1 0.8028645833333333 0.7395833333333334 -0.06197916666666667 -0.12083333333333333
1 0.27838541666666666 0.25972222222222224 -0.034895833333333334 -0.08333333333333334
1 0.4041666666666667 0.26875 -0.03229166666666666 -0.0625
1 0.6684895833333333 0.26944444444444443 -0.059895833333333336 -0.09444444444444444
