0 0.6317708333333333 0.40555555555555556 -0.05416666666666667 -0.15
0 0.5856770833333333 0.8659722222222223 0.015104166666666667 0.14305555555555557
0 0.7119791666666666 0.5597222222222222 -0.051041666666666666 -0.125
0 0.78828125 0.5722222222222223 -0.057812499999999996 -0.12222222222222223
0 0.89296875 0.8763888888888889 0.0515625 0.13611111111111113
0 0.89921875 0.576388888888889 -0.05260416666666667 -0.11666666666666667
0 0.5361979166666666 0.5125000000000001 -0.058854166666666666 -0.17500000000000002
1 0.6885416666666666 0.26805555555555555 0.034375 0.08055555555555556
1 0.8244791666666667 0.2729166666666667 0.040625 0.07361111111111111
0 0.5778645833333333 0.09583333333333334 0.03802083333333333 0.09722222222222222
