1 0.12838541666666667 0.7375 -0.03697916666666667 -0.1
1 0.2557291666666667 0.2791666666666667 -0.059375 -0.10277777777777779
1 0.54453125 0.7541666666666667 -0.04635416666666667 -0.11666666666666667
1 0.8122395833333333 0.7444444444444445 -0.03802083333333333 -0.10833333333333334
1 0.6763020833333333 0.75 -0.0296875 -0.09722222222222222
1 0.80234375 0.29305555555555557 -0.06510416666666667 -0.1277777777777778
1 0.6596354166666667 0.28402777777777777 -0.06510416666666667 -0.1486111111111111
1 0.5294270833333333 0.31319444444444444 -0.058854166666666666 -0.1763888888888889
1 0.4036458333333333 0.2729166666666667 -0.03854166666666667 -0.09305555555555556
1 0.26588541666666665 0.7430555555555556 -0.04010416666666666 -0.08333333333333334
1 0.12864583333333332 0.26666666666666666 -0.03333333333333333 -0.08888888888888889
0 0.14791666666666667 0.5923611111111111 -0.041666666666666664 0.07361111111111111
0 0.0671875 0.8555555555555556 -0.0375 -0.14166666666666666
0 0.08229166666666667 0.5465277777777778 -0.01875 -0.1875
