1 0.21744791666666666 0.26805555555555555 0.06614583333333333 0.20555555555555557
1 0.35130208333333335 0.26944444444444443 0.06197916666666667 0.17777777777777778
1 0.490625 0.28958333333333336 0.06145833333333333 0.17916666666666667
1 0.6276041666666666 0.29444444444444445 0.05416666666666667 0.16111111111111112
1 0.7619791666666667 0.2847222222222222 0.05625 0.16666666666666669
1 0.9015624999999999 0.30069444444444443 0.05625 0.16527777777777777
1 0.9010416666666666 0.7937500000000001 0.05625 0.16527777777777777
1 0.765625 0.7930555555555556 0.05625 0.16666666666666669
1 0.63515625 0.7916666666666667 0.0484375 0.14444444444444446
1 0.4940104166666667 0.7958333333333334 0.05572916666666666 0.16666666666666669
1 0.35442708333333334 0.7791666666666667 0.057812499999999996 0.19166666666666668
1 0.22161458333333334 0.7847222222222222 0.05572916666666666 0.17222222222222222
