1 0.11119791666666666 0.21666666666666667 0.0609375 0.1638888888888889
1 0.24921875 0.24791666666666667 0.058854166666666666 0.19583333333333333
1 0.37890625 0.22569444444444445 0.058854166666666666 0.19583333333333333
1 0.5190104166666667 0.25416666666666665 0.058854166666666666 0.19722222222222224
1 0.6557291666666667 0.24791666666666667 0.06041666666666667 0.21805555555555556
1 0.7893229166666667 0.2513888888888889 0.06822916666666666 0.21944444444444444
1 0.7893229166666667 0.7555555555555555 0.06302083333333333 0.20555555555555557
1 0.6489583333333333 0.7520833333333333 0.05416666666666667 0.20416666666666666
1 0.5169270833333334 0.7354166666666667 0.044270833333333336 0.16527777777777777
1 0.3859375 0.74375 0.051041666666666666 0.15416666666666667
1 0.24739583333333334 0.7340277777777778 0.042708333333333334 0.1375
1 0.11145833333333333 0.7305555555555556 0.059375 0.16944444444444445
