1 0.09635416666666667 0.19305555555555556 0.06145833333333333 0.16111111111111112
1 0.23463541666666665 0.20625000000000002 0.05677083333333333 0.19583333333333333
1 0.37265625 0.18819444444444444 0.05572916666666666 0.1625
1 0.5033854166666667 0.20972222222222223 0.06302083333333333 0.16666666666666669
1 0.6416666666666666 0.21736111111111112 0.065625 0.20972222222222223
1 0.7760416666666666 0.21041666666666667 0.065625 0.21805555555555556
1 0.7734375 0.7173611111111111 0.06041666666666667 0.23472222222222222
1 0.64375 0.7125 0.084375 0.24444444444444446
1 0.49583333333333335 0.7034722222222223 0.07083333333333333 0.22083333333333335
1 0.36692708333333335 0.7000000000000001 0.06614583333333333 0.2111111111111111
1 0.2375 0.725 -0.05625 0.24444444444444446
1 0.09713541666666667 0.6965277777777779 0.06510416666666667 0.16805555555555557
