1 0.19661458333333334 0.23819444444444446 0.06510416666666667 0.23472222222222222
1 0.33151041666666664 0.23958333333333334 0.07135416666666666 0.2263888888888889
1 0.4705729166666667 0.24375000000000002 0.06822916666666666 0.24861111111111112
1 0.6020833333333333 0.25416666666666665 0.071875 0.24722222222222223
1 0.7411458333333333 0.25625000000000003 0.06666666666666667 0.24305555555555555
1 0.8747395833333333 0.25625000000000003 0.0671875 0.23194444444444445
1 0.7348958333333333 0.7527777777777778 0.06354166666666666 0.24444444444444446
1 0.6002604166666666 0.7541666666666667 0.06927083333333334 0.24166666666666667
1 0.46640624999999997 0.75 0.06927083333333334 0.23055555555555557
1 0.3307291666666667 0.7451388888888889 0.058333333333333334 0.22083333333333335
1 0.1890625 0.7319444444444445 0.06354166666666666 0.2111111111111111
