1 0.1578125 0.24722222222222223 0.03125 0.075
1 0.15963541666666667 0.7444444444444445 0.0421875 0.075
1 0.5703125 0.24305555555555555 0.030208333333333334 0.058333333333333334
0 0.49244791666666665 0.12847222222222224 0.05677083333333333 0.1486111111111111
0 0.6203125 0.10902777777777778 0.10833333333333334 0.12083333333333333
0 0.6640625 0.3145833333333333 0.05625 0.2791666666666667
0 0.7390625 0.5944444444444444 0.10416666666666667 0.24166666666666667
0 0.8557291666666667 0.8861111111111112 0.04375 0.10277777777777779
1 0.4328125 0.7583333333333334 0.03125 0.06666666666666667
1 0.7044270833333334 0.7388888888888889 0.0296875 0.06944444444444445
1 0.29401041666666666 0.7444444444444445 0.03177083333333333 0.06944444444444445
0 0.8489583333333334 0.4388888888888889 0.03958333333333333 0.13055555555555556
