1 0.2015625 0.24375000000000002 0.053125 0.14583333333333334
1 0.33671875 0.2513888888888889 0.04739583333333333 0.14722222222222223
1 0.4653645833333333 0.22361111111111112 0.049479166666666664 0.125
1 0.6096354166666667 0.23194444444444445 0.0515625 0.10833333333333334
1 0.1984375 0.732638888888889 0.05416666666666667 0.16527777777777777
1 0.33229166666666665 0.7354166666666667 0.05416666666666667 0.14305555555555557
1 0.46953125 0.7472222222222222 0.043229166666666666 0.10277777777777779
1 0.6059895833333333 0.7527777777777778 0.0484375 0.10555555555555556
1 0.8786458333333333 0.7368055555555556 0.05 0.09861111111111112
1 0.87734375 0.2555555555555556 0.0390625 0.09722222222222222
1 0.7309895833333333 0.23402777777777778 0.025520833333333333 0.06805555555555556
1 0.7296875 0.7472222222222222 0.03125 0.07222222222222223
