1 0.12760416666666666 0.23611111111111113 0.06458333333333333 0.25
1 0.2671875 0.22916666666666669 0.06666666666666667 0.25833333333333336
1 0.40781249999999997 0.23611111111111113 0.07395833333333333 0.25833333333333336
1 0.54375 0.23333333333333334 0.06875 0.2638888888888889
1 0.6770833333333334 0.25416666666666665 0.06979166666666667 0.21944444444444444
1 0.8153645833333333 0.2534722222222222 0.06197916666666667 0.22916666666666669
1 0.8114583333333333 0.7701388888888889 0.06145833333333333 0.22916666666666669
1 0.6778645833333333 0.7618055555555556 0.06510416666666667 0.23194444444444445
1 0.5401041666666666 0.75 0.0625 0.24444444444444446
1 0.40260416666666665 0.7506944444444444 0.0625 0.2569444444444445
1 0.2671875 0.7472222222222222 0.058333333333333334 0.2388888888888889
1 0.12395833333333334 0.7493055555555556 0.046875 0.23194444444444445
0 0.07916666666666666 0.8743055555555556 0.05625 0.14583333333333334
