1 0.184375 0.24861111111111112 0.06458333333333333 0.2555555555555556
1 0.32005208333333335 0.2513888888888889 0.059895833333333336 0.25
1 0.45703125 0.2569444444444445 0.06614583333333333 0.25277777777777777
1 0.5911458333333334 0.2534722222222222 0.06875 0.2569444444444445
1 0.7252604166666666 0.2604166666666667 0.07135416666666666 0.2569444444444445
1 0.86171875 0.25972222222222224 0.0703125 0.23611111111111113
1 0.8609375 0.7479166666666667 0.06354166666666666 0.2013888888888889
1 0.72578125 0.7479166666666667 0.06197916666666667 0.20416666666666666
1 0.58984375 0.7361111111111112 0.0640625 0.19722222222222224
1 0.45338541666666665 0.7409722222222223 0.0640625 0.20416666666666666
1 0.3140625 0.7354166666666667 0.06770833333333333 0.20972222222222223
1 0.18177083333333333 0.7430555555555556 0.065625 0.2111111111111111
0 0.928125 0.13958333333333334 0.034375 0.15416666666666667
0 0.9200520833333333 0.7166666666666667 0.03177083333333333 0.4444444444444445
