1 0.19192708333333333 0.2611111111111111 0.0546875 0.23333333333333334
1 0.3299479166666667 0.2715277777777778 0.0546875 0.24861111111111112
1 0.4635416666666667 0.27083333333333337 0.052083333333333336 0.25
1 0.60078125 0.27708333333333335 0.05572916666666666 0.23472222222222222
1 0.73515625 0.2833333333333333 0.059895833333333336 0.225
1 0.8742187499999999 0.28541666666666665 0.05677083333333333 0.24027777777777778
1 0.8763020833333334 0.7791666666666667 0.05364583333333333 0.20555555555555557
1 0.73984375 0.7729166666666667 0.057812499999999996 0.2125
1 0.5979166666666667 0.7770833333333333 0.05520833333333333 0.22083333333333335
1 0.46328125 0.7729166666666667 0.057812499999999996 0.23472222222222222
1 0.32265625 0.7631944444444445 0.05677083333333333 0.23472222222222222
1 0.19114583333333332 0.7715277777777778 0.059375 0.2513888888888889
0 0.9471354166666667 0.16736111111111113 0.027604166666666666 0.1763888888888889
