1 0.2708333333333333 0.23680555555555557 0.065625 0.2152777777777778
1 0.540625 0.24444444444444446 0.05416666666666667 0.24722222222222223
1 0.6744791666666666 0.2611111111111111 0.052083333333333336 0.2
1 0.8184895833333333 0.26458333333333334 0.04739583333333333 0.1902777777777778
1 0.8130208333333333 0.7673611111111112 0.058333333333333334 0.24027777777777778
1 0.6838541666666667 0.7673611111111112 0.06979166666666667 0.28194444444444444
1 0.55234375 0.7527777777777778 0.07864583333333333 0.25277777777777777
1 0.41302083333333334 0.7611111111111112 0.06770833333333333 0.2555555555555556
1 0.26901041666666664 0.7597222222222223 0.057812499999999996 0.26666666666666666
0 0.19296875 0.8715277777777778 -0.058854166666666666 0.15972222222222224
0 0.2916666666666667 0.4951388888888889 0.036458333333333336 0.2652777777777778
