1 0.14427083333333332 0.2215277777777778 0.065625 0.24305555555555555
1 0.2796875 0.22569444444444445 0.07083333333333333 0.24861111111111112
1 0.4119791666666667 0.22847222222222224 0.06666666666666667 0.2569444444444445
1 0.5494791666666666 0.23333333333333334 0.06666666666666667 0.2555555555555556
1 0.6864583333333333 0.22847222222222224 0.06770833333333333 0.24305555555555555
1 0.8239583333333333 0.23541666666666666 0.07083333333333333 0.2569444444444445
0 0.09479166666666666 0.28055555555555556 0.025 0.4388888888888889
1 0.14713541666666666 0.7284722222222223 0.06614583333333333 0.24305555555555555
1 0.2786458333333333 0.7305555555555556 0.06979166666666667 0.24166666666666667
1 0.41796875 0.7361111111111112 0.0703125 0.24166666666666667
1 0.55078125 0.7333333333333334 0.0703125 0.24166666666666667
1 0.6895833333333333 0.7416666666666667 0.06979166666666667 0.24166666666666667
1 0.8263020833333333 0.7368055555555556 0.0703125 0.24027777777777778
0 0.09609375 0.7423611111111111 0.028645833333333332 0.38472222222222224
