1 0.12447916666666667 0.2263888888888889 0.05 0.17222222222222222
1 0.265625 0.23541666666666666 0.052083333333333336 0.23472222222222222
1 0.40130208333333334 0.23819444444444446 0.05260416666666667 0.2263888888888889
1 0.5364583333333334 0.24305555555555555 0.051041666666666666 0.22222222222222224
1 0.6760416666666667 0.2465277777777778 0.05520833333333333 0.24027777777777778
1 0.8119791666666667 0.2534722222222222 0.058333333333333334 0.24305555555555555
1 0.8171875 0.7375 0.07708333333333334 0.21666666666666667
1 0.6786458333333333 0.7222222222222222 0.06770833333333333 0.20555555555555557
1 0.5447916666666667 0.7243055555555555 0.07291666666666667 0.2152777777777778
1 0.41302083333333334 0.7180555555555556 0.078125 0.20833333333333334
1 0.265625 0.7256944444444444 0.05520833333333333 0.16527777777777777
1 0.12552083333333333 0.7208333333333333 0.05 0.17500000000000002
0 0.05416666666666667 0.8208333333333334 0.040625 0.10555555555555556
0 0.075 0.1388888888888889 0.021875 0.16944444444444445
