0 0.20651041666666667 0.7486111111111111 0.024479166666666666 0.4027777777777778
0 0.09557291666666666 0.3090277777777778 0.027604166666666666 0.4625
0 0.09401041666666667 0.86875 0.043229166666666666 0.19861111111111113
1 0.2716145833333333 0.7875 0.0421875 0.16944444444444445
1 0.4192708333333333 0.7583333333333334 0.027083333333333334 0.08333333333333334
1 0.5583333333333333 0.7534722222222222 0.027083333333333334 0.0625
1 0.690625 0.7743055555555556 0.03229166666666666 0.07916666666666666
1 0.8114583333333333 0.7895833333333334 0.04375 0.12361111111111112
1 0.8221354166666667 0.27222222222222225 0.034895833333333334 0.08055555555555556
1 0.684375 0.2638888888888889 0.042708333333333334 0.10277777777777779
1 0.42161458333333335 0.27361111111111114 0.034895833333333334 0.06944444444444445
1 0.5565104166666667 0.26805555555555555 0.0359375 0.075
