0 0.10755208333333333 0.6194444444444445 0.0359375 0.6555555555555556
1 0.14270833333333333 0.21944444444444444 0.07395833333333333 0.23611111111111113
0 0.071875 0.18541666666666667 -0.06666666666666667 0.1875
1 0.2864583333333333 0.225 0.07395833333333333 0.24444444444444446
1 0.42213541666666665 0.22777777777777777 0.07447916666666667 0.24444444444444446
1 0.5583333333333333 0.225 0.07395833333333333 0.24444444444444446
1 0.6950520833333333 0.24097222222222223 0.07447916666666667 0.24583333333333335
1 0.8312499999999999 0.23819444444444446 0.07395833333333333 0.24583333333333335
1 0.8317708333333333 0.7465277777777778 0.07395833333333333 0.24583333333333335
1 0.6984375 0.7416666666666667 0.07604166666666666 0.25277777777777777
1 0.5609375 0.7375 0.07604166666666666 0.25277777777777777
1 0.42526041666666664 0.7361111111111112 0.07864583333333333 0.25277777777777777
1 0.2908854166666667 0.7263888888888889 0.07864583333333333 0.25277777777777777
1 0.15390625 0.7347222222222223 0.07864583333333333 0.25277777777777777
