1 0.22838541666666667 0.2548611111111111 0.0546875 0.1902777777777778
1 0.36640625 0.26805555555555555 0.0546875 0.18888888888888888
1 0.5052083333333334 0.27708333333333335 0.052083333333333336 0.18194444444444446
1 0.6419270833333334 0.2638888888888889 0.05364583333333333 0.15833333333333333
1 0.7723958333333333 0.26944444444444443 0.05416666666666667 0.16666666666666669
1 0.9075520833333334 0.28402777777777777 0.05260416666666667 0.15694444444444444
1 0.9151041666666666 0.8013888888888889 0.035416666666666666 0.1388888888888889
1 0.77265625 0.7805555555555556 0.0453125 0.11666666666666667
1 0.6375 0.7791666666666667 0.05416666666666667 0.13333333333333333
1 0.50390625 0.7701388888888889 0.049479166666666664 0.1375
1 0.3658854166666667 0.7875 0.05364583333333333 0.15833333333333333
1 0.23124999999999998 0.7611111111111112 0.053125 0.17222222222222222
