1 0.11848958333333333 0.24166666666666667 0.033854166666666664 0.08611111111111111
1 0.2518229166666667 0.2465277777777778 0.04635416666666667 0.12083333333333333
1 0.3875 0.24027777777777778 0.04583333333333333 0.15
1 0.5239583333333333 0.24097222222222223 0.046875 0.19861111111111113
1 0.6536458333333334 0.22916666666666669 0.04583333333333333 0.1277777777777778
1 0.7940104166666666 0.23333333333333334 0.04635416666666667 0.16944444444444445
1 0.79609375 0.7423611111111111 0.0515625 0.1763888888888889
1 0.6578125 0.7430555555555556 0.053125 0.13333333333333333
1 0.525 0.7361111111111112 0.051041666666666666 0.14722222222222223
1 0.38645833333333335 0.74375 0.04895833333333333 0.14583333333333334
1 0.24973958333333332 0.7395833333333334 0.05677083333333333 0.12638888888888888
1 0.11588541666666667 0.7388888888888889 0.0453125 0.1638888888888889
