1 0.11510416666666666 0.24166666666666667 0.04895833333333333 0.06944444444444445
1 0.25 0.24861111111111112 0.041666666666666664 0.12222222222222223
1 0.38671875 0.23958333333333334 0.0546875 0.12083333333333333
1 0.5182291666666666 0.22916666666666669 0.03958333333333333 0.11944444444444445
1 0.6471354166666666 0.25069444444444444 0.030729166666666665 0.08472222222222223
1 0.7888020833333333 0.23680555555555557 0.050520833333333334 0.13194444444444445
1 0.7973958333333333 0.725 0.06875 0.19444444444444445
1 0.6578125 0.7402777777777778 0.04583333333333333 0.14444444444444446
1 0.5216145833333333 0.7479166666666667 0.05364583333333333 0.10416666666666667
1 0.35234375 0.5972222222222222 0.0453125 0.10833333333333334
1 0.396875 0.7520833333333333 0.034375 0.08194444444444444
1 0.25494791666666666 0.7479166666666667 0.04635416666666667 0.08750000000000001
1 0.11770833333333333 0.7402777777777778 0.03958333333333333 0.08611111111111111
