1 0.12786458333333334 0.25277777777777777 0.04635416666666667 0.125
1 0.13854166666666667 0.7590277777777779 0.03229166666666666 0.06527777777777778
1 0.2635416666666667 0.7645833333333334 0.041666666666666664 0.08750000000000001
1 0.4002604166666667 0.7631944444444445 0.04114583333333333 0.08472222222222223
1 0.5348958333333333 0.7784722222222222 0.04791666666666666 0.1513888888888889
1 0.6640625 0.7611111111111112 0.04583333333333333 0.10555555555555556
1 0.8028645833333333 0.7743055555555556 0.057812499999999996 0.18194444444444446
1 0.8044270833333333 0.25972222222222224 0.05677083333333333 0.16111111111111112
1 0.6674479166666667 0.2729166666666667 0.05572916666666666 0.11805555555555557
1 0.53203125 0.2916666666666667 0.0421875 0.13055555555555556
1 0.26588541666666665 0.2916666666666667 0.04114583333333333 0.12222222222222223
