1 0.12630208333333334 0.2715277777777778 0.05364583333333333 0.1375
1 0.2596354166666667 0.2625 0.044270833333333336 0.11388888888888889
1 0.39791666666666664 0.2881944444444445 0.05520833333333333 0.15972222222222224
1 0.5328125 0.27847222222222223 0.053125 0.12638888888888888
1 0.67109375 0.27569444444444446 0.049479166666666664 0.19583333333333333
1 0.80625 0.2638888888888889 0.052083333333333336 0.12222222222222223
1 0.80546875 0.7840277777777778 0.050520833333333334 0.16527777777777777
1 0.6651041666666666 0.775 0.04791666666666666 0.17500000000000002
1 0.5286458333333334 0.7743055555555556 0.041666666666666664 0.14305555555555557
1 0.39479166666666665 0.7937500000000001 0.053125 0.11527777777777778
1 0.2625 0.7708333333333334 0.05520833333333333 0.225
1 0.125 0.7826388888888889 0.0375 0.10138888888888889
