1 0.203125 0.25 0.042708333333333334 0.18611111111111112
1 0.33125 0.2263888888888889 0.046875 0.11944444444444445
1 0.4674479166666667 0.25069444444444444 0.0421875 0.10972222222222222
1 0.6026041666666666 0.24722222222222223 0.051041666666666666 0.13055555555555556
1 0.740625 0.24444444444444446 0.046875 0.08888888888888889
1 0.7401041666666667 0.7625000000000001 0.052083333333333336 0.1527777777777778
1 0.6033854166666667 0.7527777777777778 0.04635416666666667 0.10277777777777779
1 0.4692708333333333 0.7541666666666667 0.05416666666666667 0.14444444444444446
1 0.33489583333333334 0.7534722222222222 0.040625 0.1513888888888889
1 0.196875 0.7548611111111111 0.052083333333333336 0.1625
1 0.8838541666666666 0.7527777777777778 0.034375 0.17777777777777778
1 0.8880208333333334 0.2076388888888889 0.029166666666666667 0.11805555555555557
