0 0.09140625 0.41111111111111115 0.033854166666666664 0.7027777777777778
1 0.13307291666666665 0.2611111111111111 0.03802083333333333 0.1
1 0.2661458333333333 0.26944444444444443 0.05 0.13333333333333333
1 0.39921875 0.2659722222222222 0.04635416666666667 0.12638888888888888
1 0.5372395833333333 0.26666666666666666 0.04635416666666667 0.125
1 0.6770833333333334 0.2659722222222222 0.042708333333333334 0.10416666666666667
1 0.81015625 0.2659722222222222 0.058854166666666666 0.14027777777777778
1 0.8104166666666667 0.7659722222222223 0.051041666666666666 0.12638888888888888
1 0.678125 0.7854166666666667 0.04895833333333333 0.09305555555555556
1 0.40338541666666666 0.7708333333333334 0.04739583333333333 0.1638888888888889
1 0.2671875 0.7694444444444445 0.04791666666666666 0.11388888888888889
1 0.11848958333333333 0.7743055555555556 0.030729166666666665 0.11527777777777778
1 0.5393229166666667 0.7611111111111112 0.034895833333333334 0.08333333333333334
