1 0.12552083333333333 0.24027777777777778 0.05520833333333333 0.19166666666666668
1 0.26067708333333334 0.2576388888888889 0.059895833333333336 0.18472222222222223
1 0.39765625 0.2513888888888889 0.059895833333333336 0.15555555555555556
1 0.5341145833333333 0.25416666666666665 0.059895833333333336 0.18888888888888888
1 0.6692708333333334 0.2569444444444445 0.06145833333333333 0.18055555555555555
1 0.8020833333333334 0.2534722222222222 0.065625 0.2013888888888889
1 0.121875 0.7513888888888889 0.046875 0.18333333333333335
1 0.2604166666666667 0.7583333333333334 0.06354166666666666 0.16666666666666669
1 0.3971354166666667 0.7604166666666667 0.0609375 0.1625
1 0.5338541666666666 0.76875 0.058333333333333334 0.18472222222222223
1 0.6640625 0.7555555555555555 0.04583333333333333 0.17222222222222222
1 0.8072916666666666 0.7673611111111112 0.06354166666666666 0.1875
0 0.05859375 0.24027777777777778 0.05260416666666667 0.06666666666666667
