1 0.10963541666666667 0.2263888888888889 0.0546875 0.14444444444444446
1 0.24375 0.21458333333333335 0.05520833333333333 0.14027777777777778
1 0.38177083333333334 0.22916666666666669 0.04791666666666666 0.13611111111111113
1 0.5153645833333333 0.21875 0.05572916666666666 0.1736111111111111
1 0.65078125 0.23819444444444446 0.05677083333333333 0.15972222222222224
1 0.7864583333333334 0.2263888888888889 0.053125 0.16944444444444445
1 0.10677083333333333 0.70625 0.04895833333333333 0.15694444444444444
1 0.24192708333333332 0.7236111111111111 0.049479166666666664 0.16944444444444445
1 0.3802083333333333 0.7222222222222222 0.05520833333333333 0.17222222222222222
1 0.5135416666666667 0.7381944444444445 0.052083333333333336 0.1736111111111111
1 0.6518229166666667 0.7430555555555556 0.0546875 0.1638888888888889
1 0.7864583333333334 0.74375 0.05520833333333333 0.1763888888888889
