1 0.20677083333333332 0.2513888888888889 0.06770833333333333 0.23333333333333334
1 0.346875 0.2513888888888889 0.0625 0.20833333333333334
1 0.48072916666666665 0.25972222222222224 0.06354166666666666 0.23611111111111113
1 0.6221354166666666 0.26319444444444445 0.050520833333333334 0.1736111111111111
1 0.7484375 0.24791666666666667 0.052083333333333336 0.10694444444444445
1 0.8869791666666667 0.2659722222222222 0.058333333333333334 0.15416666666666667
1 0.20911458333333333 0.7645833333333334 0.057812499999999996 0.18472222222222223
1 0.3458333333333333 0.7583333333333334 0.057291666666666664 0.2111111111111111
1 0.4825520833333333 0.7625000000000001 0.05677083333333333 0.18055555555555555
1 0.6122395833333333 0.7840277777777778 0.0484375 0.16805555555555557
1 0.7536458333333333 0.7722222222222223 0.051041666666666666 0.16944444444444445
1 0.8888020833333333 0.78125 0.0546875 0.19305555555555556
0 0.12291666666666666 0.13055555555555556 -0.05416666666666667 -0.13333333333333333
0 0.125 0.5916666666666667 -0.03125 -0.09722222222222222
