1 0.12421875 0.2326388888888889 0.057812499999999996 0.1902777777777778
1 0.2552083333333333 0.24166666666666667 0.05 0.16111111111111112
1 0.3950520833333333 0.2534722222222222 0.05677083333333333 0.2013888888888889
1 0.534375 0.24097222222222223 0.06354166666666666 0.19583333333333333
1 0.6692708333333334 0.24722222222222223 0.06145833333333333 0.2
1 0.8065104166666667 0.2520833333333333 0.06510416666666667 0.2013888888888889
1 0.1171875 0.75 0.04895833333333333 0.18055555555555555
1 0.2604166666666667 0.7548611111111111 0.06041666666666667 0.19583333333333333
1 0.4005208333333333 0.7451388888888889 0.05625 0.20972222222222223
1 0.534375 0.7506944444444444 0.065625 0.19305555555555556
1 0.6713541666666667 0.75625 0.065625 0.20972222222222223
1 0.8072916666666666 0.7506944444444444 0.06875 0.23194444444444445
