1 0.13541666666666666 0.23958333333333334 0.05520833333333333 0.09027777777777778
1 0.28229166666666666 0.2569444444444445 0.0375 0.07222222222222223
1 0.4125 0.26319444444444445 0.029166666666666667 0.06805555555555556
1 0.5505208333333333 0.28611111111111115 0.0375 0.11944444444444445
1 0.68046875 0.26319444444444445 0.0546875 0.08194444444444444
1 0.8190104166666666 0.2576388888888889 0.04114583333333333 0.09583333333333334
1 0.8143229166666667 0.7736111111111111 0.0453125 0.09722222222222222
1 0.68203125 0.7631944444444445 0.04739583333333333 0.09583333333333334
1 0.5440104166666666 0.7715277777777778 0.049479166666666664 0.08750000000000001
1 0.4125 0.75625 0.0375 0.0763888888888889
1 0.28125 0.75625 0.0375 0.0763888888888889
1 0.14348958333333334 0.757638888888889 0.03802083333333333 0.0763888888888889
0 0.08619791666666667 0.3979166666666667 0.0328125 0.6819444444444445
