1 0.14713541666666666 0.7541666666666667 0.0296875 0.08888888888888889
1 0.28046875 0.7548611111111111 0.0328125 0.07916666666666666
1 0.40963541666666664 0.7479166666666667 0.058854166666666666 0.12916666666666668
1 0.54453125 0.7465277777777778 0.044270833333333336 0.09861111111111112
1 0.6822916666666666 0.7652777777777778 0.057291666666666664 0.13333333333333333
1 0.81484375 0.7458333333333333 0.0421875 0.17222222222222222
1 0.54453125 0.26458333333333334 0.0453125 0.11527777777777778
1 0.4106770833333333 0.25277777777777777 0.049479166666666664 0.13055555555555556
1 0.28671875 0.2465277777777778 0.034895833333333334 0.08750000000000001
1 0.13802083333333334 0.23680555555555557 0.051041666666666666 0.08750000000000001
1 0.6825520833333333 0.26805555555555555 0.0546875 0.11944444444444445
1 0.8140625 0.26180555555555557 0.046875 0.1486111111111111
0 0.09583333333333333 0.49375 0.03229166666666666 0.8930555555555556
0 0.053385416666666664 0.25069444444444444 0.03177083333333333 0.2791666666666667
