1 0.21171874999999998 0.2555555555555556 0.0421875 0.10277777777777779
1 0.34270833333333334 0.25833333333333336 0.05 0.10833333333333334
1 0.47552083333333334 0.25833333333333336 0.0375 0.07222222222222223
1 0.6111979166666667 0.2576388888888889 0.033854166666666664 0.07916666666666666
1 0.7440104166666667 0.26805555555555555 0.033854166666666664 0.075
1 0.8778645833333333 0.27708333333333335 0.0296875 0.06805555555555556
1 0.7401041666666667 0.775 0.025 0.06944444444444445
1 0.6088541666666667 0.7736111111111111 0.03854166666666667 0.06944444444444445
1 0.47161458333333334 0.7604166666666667 0.0453125 0.0763888888888889
1 0.3380208333333333 0.7645833333333334 0.04583333333333333 0.09305555555555556
1 0.20833333333333334 0.7631944444444445 0.05416666666666667 0.1125
