3 0.17083333333333334 0.7548611111111111 0.09895833333333333 0.2513888888888889
3 0.30572916666666666 0.7520833333333333 0.09895833333333333 0.2513888888888889
3 0.44114583333333335 0.7493055555555556 0.09895833333333333 0.2513888888888889
3 0.57890625 0.7611111111111112 0.10052083333333334 0.2555555555555556
3 0.7158854166666666 0.7597222222222223 0.0859375 0.21666666666666667
3 0.8520833333333333 0.75 0.08958333333333333 0.225
3 0.17005208333333333 0.2465277777777778 0.09114583333333333 0.24583333333333335
3 0.3078125 0.24444444444444446 0.10104166666666667 0.25
3 0.44114583333333335 0.25416666666666665 0.096875 0.23611111111111113
3 0.5776041666666667 0.2513888888888889 0.09375 0.2388888888888889
3 0.7130208333333333 0.2520833333333333 0.09375 0.24027777777777778
3 0.8510416666666667 0.2465277777777778 0.09166666666666666 0.25416666666666665
