0 0.5171875 0.8159722222222222 0.0375 0.24861111111111112
0 0.6002604166666666 0.5590277777777778 0.0359375 0.18194444444444446
0 0.10338541666666666 0.3090277777777778 0.0484375 0.1125
1 0.69140625 0.2569444444444445 0.025520833333333333 0.06944444444444445
1 0.825 0.2576388888888889 0.03125 0.06527777777777778
1 0.8252604166666666 0.7618055555555556 0.0390625 0.0763888888888889
1 0.5520833333333334 0.7611111111111112 0.029166666666666667 0.07777777777777778
0 0.06484375 0.17222222222222222 -0.0390625 0.125
0 0.07291666666666667 0.8645833333333334 -0.029166666666666667 0.14027777777777778
0 0.64140625 0.8659722222222223 0.0546875 0.15416666666666667
0 0.5651041666666666 0.38819444444444445 0.029166666666666667 0.1875
